Symbol,Date,Open,High,Low,Close,Volume
AAL,09 Nov 2018,36.7,37.26,36.03,36.22,6794600
AAME,09 Nov 2018,3.8,3.8,3.22,3.22,3600
AAOI,09 Nov 2018,21.4,23.38,21.13,21.66,2005900
AAON,09 Nov 2018,43.51,43.795,41.9,43.26,249300
AAPL,09 Nov 2018,205.55,206.01,202.25,204.47,34365700
AAWW,09 Nov 2018,55.89,55.94,54.34,54.44,201100
AAXJ,09 Nov 2018,64.26,64.45,63.58,63.91,1468800
AAXN,09 Nov 2018,51.75,53.18,51.1,52.25,1057900
ABCB,09 Nov 2018,44.5,44.93,43.8,44.39,306300
ABDC,09 Nov 2018,6.55,6.58,6.4,6.5,46100
ABEO,09 Nov 2018,9.71,9.9,9.02,9.36,591900
ABEOW,09 Nov 2018,5.5,5.5,5.5,5.5,0
ABIL,09 Nov 2018,3.24,3.25,2.93,3.01,80700
ABIO,09 Nov 2018,14.22,14.4,12.42,12.78,718900
ABMD,09 Nov 2018,413.32,413.32,395.64,405.17,527300
ABTX,09 Nov 2018,38.89,39.11,38.7,39,52100
ABUS,09 Nov 2018,5.32,5.32,4.635,4.65,220400
ACAD,09 Nov 2018,19.16,19.2,18.21,18.86,2167800
ACBI,09 Nov 2018,15.7,15.96,15.48,15.67,140500
ACER,09 Nov 2018,24.43,25.33,24.04,24.91,7100
ACGL,09 Nov 2018,28.32,28.56,28.05,28.35,1204500
ACGLO,09 Nov 2018,22.6,22.67,22.47,22.55,23600
ACGLP,09 Nov 2018,22.1,22.12,22.07,22.09,27400
ACHC,09 Nov 2018,42.03,43.22,42,42.5,4260900
ACHN,09 Nov 2018,3,3.015,2.78,2.86,1663500
ACHV,09 Nov 2018,2.05,2.1,2.05,2.07,74500
ACIA,09 Nov 2018,46.8,47.09,45.4,45.92,810100
ACIU,09 Nov 2018,8.9,9.285,8.59,8.73,34000
ACIW,09 Nov 2018,29.31,30.25,28.91,30.12,1468200
ACLS,09 Nov 2018,17.4,17.4,16.89,17.05,139100
ACMR,09 Nov 2018,11.8,11.8,11.45,11.73,32700
ACNB,09 Nov 2018,40.3,40.3,38.85,39.05,4600
ACOR,09 Nov 2018,20.34,20.6,19.69,19.95,384400
ACRS,09 Nov 2018,11.54,11.84,10.525,10.62,291700
ACRX,09 Nov 2018,3.27,3.38,3.18,3.28,12864400
ACST,09 Nov 2018,1,1,0.95,0.99,576600
ACT,09 Nov 2018,25.94,25.94,25.66,25.66,4600
ACTG,09 Nov 2018,3.28,3.29,3.2,3.2,54200
ACWI,09 Nov 2018,70.35,70.37,69.75,70.18,2925900
ACWX,09 Nov 2018,44.6,44.63,44.31,44.56,1696500
ADAP,09 Nov 2018,6.57,6.77,6.02,6.18,682900
ADBE,09 Nov 2018,247.56,248.29,241.16,244.84,2765800
ADES,09 Nov 2018,10.04,10.17,9.935,10.03,70700
ADI,09 Nov 2018,89.46,89.73,87.01,87.59,3043100
ADIL,09 Nov 2018,1.49,1.65,1.3,1.57,139700
ADILW,09 Nov 2018,0.3,0.3,0.3,0.3,0
ADMA,09 Nov 2018,5.85,5.85,5.215,5.26,177400
ADMP,09 Nov 2018,2.85,2.87,2.72,2.78,312800
ADMS,09 Nov 2018,13.25,13.25,11.76,11.9,676200
ADP,09 Nov 2018,147.08,147.66,146,147.19,2371300
ADRA,09 Nov 2018,29.72,29.72,29.72,29.72,200
ADRD,09 Nov 2018,21.35,21.35,21.26,21.26,1000
ADRE,09 Nov 2018,37.75,37.75,37.19,37.5,1700
ADRO,09 Nov 2018,4.13,4.21,3.61,3.63,668300
ADRU,09 Nov 2018,20.545,20.592,20.545,20.592,500
ADSK,09 Nov 2018,139.28,139.29,133.78,135.55,1602900
ADTN,09 Nov 2018,14.4,14.42,14,14.12,281900
ADUS,09 Nov 2018,74.85,74.85,71.86,72.49,101500
ADVM,09 Nov 2018,3.65,3.87,3.57,3.76,261500
ADXS,09 Nov 2018,8.775,8.925,8.1,8.25,283900
AEGN,09 Nov 2018,20.2,20.76,19.71,19.74,180400
AEHR,09 Nov 2018,2.04,2.04,1.94,1.97,23300
AEIS,09 Nov 2018,44.6,44.6,42.73,43.37,346900
AEMD,09 Nov 2018,1.18,1.23,1.17,1.17,67300
AERI,09 Nov 2018,49.73,49.865,47.75,47.76,506200
AEY,09 Nov 2018,1.35,1.35,1.34,1.34,1100
AEYE,09 Nov 2018,6.53,6.96,5.85,6.21,10500
AEZS,09 Nov 2018,2.15,2.27,2.12,2.26,253600
AFH,09 Nov 2018,10.52,10.99,10.52,10.87,44400
AFIN,09 Nov 2018,12.32,13.05,12.17,12.79,218500
AFMD,09 Nov 2018,4.17,4.38,4.04,4.06,845600
AGEN,09 Nov 2018,2.04,2.095,1.93,1.99,713000
AGFS,09 Nov 2018,5.2,5.42,5.09,5.415,144900
AGFSW,09 Nov 2018,0.19,0.22,0.18,0.18,7500
AGIO,09 Nov 2018,70.85,71.32,67.66,69.09,364800
AGLE,09 Nov 2018,9.42,9.64,8.89,9.1,133000
AGMH,09 Nov 2018,22.43,22.43,20.01,20.72,4300
AGNC,09 Nov 2018,17.82,18.1,17.8,18.08,7239700
AGNCB,09 Nov 2018,25.36,25.44,25.36,25.44,6100
AGNCN,09 Nov 2018,25.58,25.58,25.4,25.47,28800
AGND,09 Nov 2018,44.19,44.23,44.145,44.23,22900
AGRX,09 Nov 2018,0.94,1.07,0.94,1,1283500
AGTC,09 Nov 2018,7.03,7.1,6.41,6.7,146500
AGYS,09 Nov 2018,16.35,16.71,16.21,16.68,52800
AGZD,09 Nov 2018,47.65,47.82,47.62,47.765,17900
AHPI,09 Nov 2018,2.2,2.2,2.005,2.005,7500
AIA,09 Nov 2018,56.26,56.26,55.69,56.02,56800
AIHS,09 Nov 2018,4.42,4.7,4.24,4.52,24400
AIMC,09 Nov 2018,34.51,34.6,33.21,33.43,711200
AIMT,09 Nov 2018,29.45,30.56,28.035,30.29,607200
AINV,09 Nov 2018,15.96,16.17,15.96,16.17,547300
AIQ,09 Nov 2018,14.25,14.25,13.97,14.1,8000
AIRG,09 Nov 2018,13.95,13.95,13.56,13.73,39600
AIRR,09 Nov 2018,25.92,25.92,25.48,25.61,25200
AIRT,09 Nov 2018,37.5,37.5,36.01,36.01,800
AKAM,09 Nov 2018,71.95,72,69.97,70.94,1833200
AKBA,09 Nov 2018,8.47,10.06,8.32,8.96,2579600
AKCA,09 Nov 2018,25.39,26.67,24.49,25.49,306200
AKER,09 Nov 2018,2.25,2.48,2.25,2.37,493200
AKRX,09 Nov 2018,6.86,6.95,6.7,6.85,2929600
AKTS,09 Nov 2018,4.8,4.97,4.32,4.96,454500
AKTX,09 Nov 2018,1.88,1.89,1.8,1.85,14900
ALACU,09 Nov 2018,10.06,10.09,10.06,10.09,19500
ALBO,09 Nov 2018,27.81,27.81,25.12,25.84,33300
ALCO,09 Nov 2018,33.27,33.44,33.1,33.11,5800
ALDX,09 Nov 2018,10.86,10.86,10.42,10.56,67500
ALGN,09 Nov 2018,243.42,244.615,226.37,235.96,2023100
ALGR,09 Nov 2018,9.61,9.62,9.6,9.62,6100
ALGRR,09 Nov 2018,0.38,0.38,0.38,0.38,0
ALGRU,09 Nov 2018,10.28,10.3,10.28,10.3,51700
ALGRW,09 Nov 2018,0.35,0.35,0.35,0.35,0
ALGT,09 Nov 2018,120.21,122.34,120.18,121.98,82000
ALIM,09 Nov 2018,1.1,1.12,1.05,1.08,36400
ALJJ,09 Nov 2018,1.77,1.788,1.65,1.675,33600
ALKS,09 Nov 2018,38.97,39.52,37.58,37.67,820500
ALLK,09 Nov 2018,56.27,56.47,50.015,53.17,225800
ALLO,09 Nov 2018,33.07,33.53,29.4,30.62,510200
ALLT,09 Nov 2018,6.98,7.27,6.81,7.27,116900
ALNA,09 Nov 2018,8.7,8.78,8.11,8.11,10900
ALNY,09 Nov 2018,72.68,73.67,70.43,72.41,800600
ALOT,09 Nov 2018,19.45,19.77,17.05,19.39,6100
ALPN,09 Nov 2018,4.8,4.9,4.8,4.8,9800
ALRM,09 Nov 2018,49,49.43,45.79,47.27,937200
ALRN,09 Nov 2018,2.1,2.29,1.75,2,31500
ALSK,09 Nov 2018,1.5,1.58,1.5,1.53,108300
ALT,09 Nov 2018,3.94,3.94,3.63,3.71,646100
ALTR,09 Nov 2018,34.25,34.85,31.02,32.12,533200
ALTY,09 Nov 2018,14.7,14.7,14.64,14.65,2800
ALXN,09 Nov 2018,126.53,126.59,122,123.44,1338400
ALYA,09 Nov 2018,4.8,4.8,3.95,4.4,12400
AMAG,09 Nov 2018,18.19,18.57,17.71,17.84,693100
AMAL,09 Nov 2018,20.94,21.245,20.715,20.97,24900
AMAT,09 Nov 2018,34.5,34.63,33.83,34.28,11136300
AMBA,09 Nov 2018,36.28,36.7,34.97,35,304400
AMBC,09 Nov 2018,18.99,19.98,18.97,19.4,1295300
AMBCW,09 Nov 2018,10.45,10.45,9.04,9.73,1100
AMCA,09 Nov 2018,27.93,27.93,27.65,27.65,400
AMCX,09 Nov 2018,60,60.69,59.65,59.76,631600
AMD,09 Nov 2018,20.77,21.19,20.11,21.03,85900700
AMED,09 Nov 2018,119.18,122.7,118.21,120.5,498800
AMEH,09 Nov 2018,20.78,21.935,18.508,19,59400
AMGN,09 Nov 2018,195.37,196.91,192.18,193.16,2344800
AMKR,09 Nov 2018,6.91,7,6.7,6.72,1216000
AMNB,09 Nov 2018,36.51,36.93,36.51,36.55,11000
AMOT,09 Nov 2018,49.25,49.7,47,47.65,28300
AMPH,09 Nov 2018,20.8,21.65,20.4,21.59,735600
AMRB,09 Nov 2018,15.15,15.15,15.02,15.02,3500
AMRH,09 Nov 2018,0.27,0.28,0.26,0.28,900000
AMRHW,09 Nov 2018,0.04,0.04,0.025,0.026,64100
AMRK,09 Nov 2018,12.84,13.25,12.04,13.24,33800
AMRN,09 Nov 2018,21.27,21.65,20.16,21.05,12086300
AMRS,09 Nov 2018,7.24,7.26,6.33,6.34,2466800
AMSC,09 Nov 2018,9.41,9.69,9.16,9.17,390200
AMSF,09 Nov 2018,65.59,65.96,64.45,64.56,53400
AMSWA,09 Nov 2018,12.42,12.47,11.93,11.97,68400
AMTB,09 Nov 2018,19,19,19,19,0
AMTBB,09 Nov 2018,17.6,17.6,17.6,17.6,0
AMTD,09 Nov 2018,52.87,53.25,52.26,52.5,1482300
AMTX,09 Nov 2018,0.97,0.99,0.93,0.93,7800
AMWD,09 Nov 2018,62.7,65.74,61.17,61.58,114200
AMZN,09 Nov 2018,1732.5,1743.92,1701.87,1712.43,5902100
ANAB,09 Nov 2018,81.31,81.7,68.04,72.33,836500
ANAT,09 Nov 2018,128.03,128.62,122.69,126.9,16400
ANDE,09 Nov 2018,34.3,34.3,32.91,32.98,132200
ANGI,09 Nov 2018,17.84,18.035,16.67,17.96,3023400
ANGO,09 Nov 2018,21.81,21.88,21.25,21.38,107100
ANIK,09 Nov 2018,39.1,39.1,38,38.24,122700
ANIP,09 Nov 2018,53.86,55.12,52.52,52.66,78500
ANIX,09 Nov 2018,3.77,3.82,3.7,3.75,64200
ANSS,09 Nov 2018,168.75,169.67,163.49,165.86,803800
ANY,09 Nov 2018,1.77,2.05,1.77,1.91,175800
AOBC,09 Nov 2018,13.58,13.64,13.26,13.52,473500
AOSL,09 Nov 2018,10.76,10.77,10.48,10.56,75700
APDN,09 Nov 2018,1.18,1.18,1.115,1.15,48600
APDNW,09 Nov 2018,0.11,0.11,0.11,0.11,0
APEI,09 Nov 2018,33.64,34.84,31.96,33.32,118000
APEN,09 Nov 2018,4.95,4.95,3.66,3.95,374300
APLS,09 Nov 2018,15.55,15.87,14,14.85,248800
APOG,09 Nov 2018,38.81,38.81,37.55,37.95,132800
APOP,09 Nov 2018,4.73,4.74,4.73,4.74,400
APOPW,09 Nov 2018,1.875,1.875,1.875,1.875,0
APPF,09 Nov 2018,59.06,59.55,58.04,59.49,122100
APPN,09 Nov 2018,27.7,27.7,25.59,25.98,400900
APPS,09 Nov 2018,1.6,2,1.57,1.7,1335200
APTO,09 Nov 2018,2.4,2.41,2.2,2.3,158300
APTX,09 Nov 2018,26.47,26.47,25.12,25.88,20300
APVO,09 Nov 2018,3.61,3.65,3.35,3.36,33900
APWC,09 Nov 2018,2.35,2.35,2.35,2.35,300
AQB,09 Nov 2018,2.75,2.79,2.63,2.75,27900
AQMS,09 Nov 2018,2.28,2.66,2.27,2.6,769300
AQST,09 Nov 2018,18.03,18.45,16.96,17,47500
ARAV,09 Nov 2018,6.66,7.09,6.63,7.03,70200
ARAY,09 Nov 2018,5.15,5.27,5,5.01,856700
ARCB,09 Nov 2018,41.2,41.2,39.38,39.9,267600
ARCC,09 Nov 2018,17.54,17.605,17.45,17.58,2060700
ARCE,09 Nov 2018,21.88,22.62,21.09,21.25,27100
ARCT,09 Nov 2018,7.05,7.05,6.87,7.01,7600
ARDS,09 Nov 2018,12.07,12.21,12.07,12.07,900
ARDX,09 Nov 2018,3.09,3.16,2.95,3.04,172900
AREX,09 Nov 2018,1.71,1.71,1.52,1.6,254500
ARGX,09 Nov 2018,97.74,98.14,95.4,97.32,105500
ARKR,09 Nov 2018,23.88,23.88,22.9,22.9,1700
ARLP,09 Nov 2018,19.46,19.61,19.35,19.55,397800
ARNA,09 Nov 2018,36.98,37.38,35.92,36.27,391600
AROW,09 Nov 2018,34.71,35.23,34.69,34.88,7000
ARPO,09 Nov 2018,2.06,2.12,1.9,1.98,489900
ARQL,09 Nov 2018,4.03,4.03,3.87,3.99,805800
ARTNA,09 Nov 2018,37.07,37.47,36.5,36.5,9300
ARTW,09 Nov 2018,2.16,2.16,2.16,2.16,1100
ARTX,09 Nov 2018,2.92,2.94,2.79,2.79,132600
ARVN,09 Nov 2018,18.45,18.55,18,18.4,22900
ARWR,09 Nov 2018,15.22,15.29,13.75,14.49,2037500
ARYAU,09 Nov 2018,10.27,10.32,10.17,10.26,41500
ASET,09 Nov 2018,27,27,27,27,300
ASFI,09 Nov 2018,3.9,3.9,3.9,3.9,100
ASLN,09 Nov 2018,6.2,6.2,6.2,6.2,200
ASMB,09 Nov 2018,25.58,25.58,22.8,23.4,193600
ASML,09 Nov 2018,172.55,175.86,171.75,175.5,1748000
ASNA,09 Nov 2018,4.42,4.44,4.245,4.28,1629000
ASND,09 Nov 2018,64,64.24,62.33,63.38,60000
ASPS,09 Nov 2018,22.43,22.79,21.87,22.33,122100
ASPU,09 Nov 2018,5.92,5.92,5.6,5.6,30900
ASRT,09 Nov 2018,5.25,5.64,4.69,5.43,1326800
ASRV,09 Nov 2018,4.31,4.38,4.28,4.33,10600
ASRVP,09 Nov 2018,27.74,27.74,27.74,27.74,0
ASTC,09 Nov 2018,3.28,3.385,3.11,3.17,37100
ASTE,09 Nov 2018,37.53,37.59,34.86,36.52,493400
ASUR,09 Nov 2018,8.2,8.56,7.5,7.75,1471000
ASYS,09 Nov 2018,4.79,5,4.72,4.83,41800
ATAX,09 Nov 2018,5.84,5.85,5.76,5.85,39000
ATEC,09 Nov 2018,2.75,3.19,2.7,2.98,157100
ATHX,09 Nov 2018,1.92,1.93,1.86,1.87,358000
ATIS,09 Nov 2018,1.76,1.96,1.68,1.784,364800
ATISW,09 Nov 2018,0.07,0.07,0.07,0.07,0
ATLC,09 Nov 2018,3.46,3.66,3.35,3.66,6900
ATLO,09 Nov 2018,27.45,27.45,27.01,27.01,3900
ATNI,09 Nov 2018,84.93,84.93,82.92,83.98,42300
ATNX,09 Nov 2018,12.52,12.92,11.93,12.09,178100
ATOM,09 Nov 2018,3.85,4,3.72,3.75,30700
ATOS,09 Nov 2018,1.35,1.36,1.25,1.27,88800
ATRA,09 Nov 2018,37.91,38.11,35.82,36.23,706800
ATRC,09 Nov 2018,33.52,33.75,32.25,32.76,151400
ATRI,09 Nov 2018,709,713,709,713,6000
ATRO,09 Nov 2018,30.01,30.26,28.87,29.73,82100
ATRS,09 Nov 2018,3.61,3.68,3.55,3.64,1243700
ATSG,09 Nov 2018,19.78,20,19.03,19.23,239800
ATVI,09 Nov 2018,55,56.92,53.5,55.01,34543300
ATXI,09 Nov 2018,4.12,4.19,3.71,4.19,24400
AUBN,09 Nov 2018,37.89,37.98,36.78,36.78,1700
AUDC,09 Nov 2018,11.95,11.95,11.72,11.86,137300
AUPH,09 Nov 2018,5.44,5.75,5.28,5.65,883400
AUTL,09 Nov 2018,39.49,53.24,33.83,48.01,97000
AUTO,09 Nov 2018,2.3,2.7,2.1,2.15,88900
AVAV,09 Nov 2018,102.39,103.27,100.53,102.42,182900
AVCO,09 Nov 2018,2.43,2.78,2.43,2.78,1900
AVDL,09 Nov 2018,3.32,3.63,3.26,3.59,367100
AVEO,09 Nov 2018,1.95,2.06,1.78,1.86,4906200
AVGO,09 Nov 2018,235,239.02,232.54,238.99,3361100
AVGR,09 Nov 2018,3.3,3.3,2.7,2.9,899900
AVID,09 Nov 2018,5.71,5.75,5.57,5.66,122800
AVNW,09 Nov 2018,16.31,16.455,14.93,15.62,16100
AVRO,09 Nov 2018,30.14,30.475,27.56,28.57,58300
AVT,09 Nov 2018,43.47,43.82,42.85,43.66,813500
AVXL,09 Nov 2018,2.5,2.63,2.5,2.61,159500
AWRE,09 Nov 2018,3.7,3.8,3.7,3.7,3100
AWSM,09 Nov 2018,4.06,4.37,4.02,4.25,199700
AXAS,09 Nov 2018,1.78,1.8,1.7,1.75,2164500
AXDX,09 Nov 2018,14.99,14.99,14.12,14.67,394900
AXGN,09 Nov 2018,37.48,37.48,35.81,36.38,258400
AXNX,09 Nov 2018,15.03,15.14,14.55,14.84,315300
AXSM,09 Nov 2018,3.86,3.94,3.73,3.87,448100
AXTI,09 Nov 2018,5.84,5.93,5.62,5.73,304900
AY,09 Nov 2018,20.73,20.94,20.61,20.85,241100
AYTU,09 Nov 2018,1.03,1.03,0.79,0.94,1060300
AZPN,09 Nov 2018,86.17,86.285,83.71,84.24,663400
AZRX,09 Nov 2018,2.52,2.52,2.31,2.45,47700
BAND,09 Nov 2018,48.29,50.17,47,48.32,356200
BANF,09 Nov 2018,58.5,59.73,57.41,57.89,17500
BANFP,09 Nov 2018,26.45,26.5,26.04,26.04,4900
BANR,09 Nov 2018,61.39,61.94,60.97,61.78,153200
BANX,09 Nov 2018,20.1,20.49,20.05,20.15,4000
BASI,09 Nov 2018,1.39,1.39,1.39,1.39,200
BATRA,09 Nov 2018,26.09,26.21,25.44,25.45,82500
BATRK,09 Nov 2018,26,26.12,25.24,25.28,157300
BBBY,09 Nov 2018,14.31,14.34,13.88,14.02,2785400
BBGI,09 Nov 2018,6.46,6.55,6.26,6.35,18600
BBH,09 Nov 2018,124.34,124.34,122.2,122.97,11700
BBSI,09 Nov 2018,73.79,73.79,71.41,72.55,59200
BCBP,09 Nov 2018,12.18,12.18,12.03,12.08,11800
BCLI,09 Nov 2018,3.2,3.3,3.11,3.11,27100
BCML,09 Nov 2018,24.93,25.05,24.28,24.84,21100
BCOM,09 Nov 2018,10.09,10.155,10.09,10.11,3100
BCOR,09 Nov 2018,31.72,31.72,28.16,30.42,254900
BCOV,09 Nov 2018,7.49,7.51,7.36,7.44,125000
BCPC,09 Nov 2018,90.19,90.54,88.81,90.12,114500
BCRX,09 Nov 2018,8.05,8.27,7.565,7.7,512100
BCTF,09 Nov 2018,15.75,15.75,15.75,15.75,0
BDGE,09 Nov 2018,30.48,30.99,30.05,30.12,34100
BDSI,09 Nov 2018,3.62,3.98,3.6,3.78,688300
BEAT,09 Nov 2018,69.81,70,66.05,68.15,958500
BECN,09 Nov 2018,27.91,28.36,27.05,27.23,1378400
BELFA,09 Nov 2018,20.6,20.6,20.6,20.6,0
BELFB,09 Nov 2018,25.15,25.9,24.49,25.73,18800
BFC,09 Nov 2018,49,50,49,50,3000
BFIN,09 Nov 2018,14.58,14.7,14.28,14.41,38300
BFIT,09 Nov 2018,18.48,18.48,18.48,18.48,0
BFRA,09 Nov 2018,13.01,13.01,13.01,13.01,100
BFST,09 Nov 2018,26.3,26.355,25.7,25.98,7700
BGCP,09 Nov 2018,11.3,11.33,10.99,11.07,1698400
BGFV,09 Nov 2018,3.76,3.91,3.7,3.8,277100
BGNE,09 Nov 2018,126.23,126.23,117.3,121.25,461200
BHF,09 Nov 2018,43.16,43.16,41.49,41.57,1084200
BHFAL,09 Nov 2018,24.72,24.89,24.65,24.88,19800
BHTG,09 Nov 2018,2.91,2.96,2.46,2.87,11600
BIB,09 Nov 2018,55.04,55.28,52.62,53.5,176100
BICK,09 Nov 2018,25.18,25.18,24.83,24.83,6100
BIDU,09 Nov 2018,184.48,186.25,181.65,183.75,2928200
BIIB,09 Nov 2018,325.77,326.63,322.09,325.2,783000
BILI,09 Nov 2018,14.06,14.06,13.32,13.4,2689400
BIOC,09 Nov 2018,1.97,2.02,1.85,1.89,61300
BIOL,09 Nov 2018,1.4,1.45,1.4,1.44,24700
BIOS,09 Nov 2018,3.21,3.25,3.15,3.17,778400
BIS,09 Nov 2018,18.83,19.57,18.78,19.36,85100
BJRI,09 Nov 2018,66.23,67.43,65.35,65.96,404800
BKCC,09 Nov 2018,6.02,6.06,5.98,6.04,240600
BKEP,09 Nov 2018,2.08,2.09,2,2.04,118400
BKEPP,09 Nov 2018,6.35,6.39,6.31,6.37,16100
BKNG,09 Nov 2018,1967.5,1973.85,1922.205,1937.64,370500
BKSC,09 Nov 2018,19.7,19.7,19.7,19.7,600
BKYI,09 Nov 2018,1.31,1.31,1.24,1.31,23600
BL,09 Nov 2018,42.66,42.71,40.41,42.12,479900
BLBD,09 Nov 2018,19.74,19.96,19.28,19.32,38700
BLCM,09 Nov 2018,4.68,4.71,4.225,4.35,464100
BLCN,09 Nov 2018,21.688,21.688,21.45,21.665,6600
BLDP,09 Nov 2018,2.85,2.88,2.805,2.82,450100
BLDR,09 Nov 2018,12.93,13.19,12.82,12.83,816500
BLFS,09 Nov 2018,11.95,14.7,11.95,13.94,427300
BLIN,09 Nov 2018,19.5,20.5,19.25,19.5,374100
BLKB,09 Nov 2018,72.34,72.53,69.88,70.47,260400
BLMN,09 Nov 2018,21.68,22.04,21.32,21.55,1186700
BLNK,09 Nov 2018,2.26,2.48,2.26,2.39,335000
BLNKW,09 Nov 2018,0.9,0.9,0.68,0.68,1300
BLPH,09 Nov 2018,1.1,1.13,0.99,1.06,438300
BLRX,09 Nov 2018,10.8,10.8,10.2,10.5,391700
BLUE,09 Nov 2018,131.57,131.9,124.3,126.33,632500
BMCH,09 Nov 2018,17.11,17.25,16.4,16.53,538600
BMLP,09 Nov 2018,47.45,47.47,47.45,47.47,500
BMRA,09 Nov 2018,2.84,3.06,2.84,3.06,115100
BMRC,09 Nov 2018,42.345,42.475,41.77,41.9,9600
BMRN,09 Nov 2018,98.13,99.74,94.97,95.67,850200
BMTC,09 Nov 2018,40.51,40.69,40.04,40.26,28200
BND,09 Nov 2018,77.57,77.72,77.57,77.68,1697100
BNDW,09 Nov 2018,74.1,74.3,74.1,74.28,7700
BNDX,09 Nov 2018,54.46,54.51,54.455,54.51,872900
BNFT,09 Nov 2018,43.55,44.315,42.55,44.18,292100
BNGO,09 Nov 2018,6.26,6.89,6.26,6.85,1400
BNGOW,09 Nov 2018,2.52,2.53,2.5,2.51,4600
BNSO,09 Nov 2018,2.48,2.5,2.35,2.5,2100
BNTC,09 Nov 2018,2.285,2.285,2.18,2.2,3300
BOCH,09 Nov 2018,12.34,12.47,12.23,12.39,33800
BOKF,09 Nov 2018,89.23,90.26,88.16,88.77,168100
BOKFL,09 Nov 2018,23.35,23.81,23.35,23.7,4300
BOLD,09 Nov 2018,24.5,24.6,23.68,24,570300
BOMN,09 Nov 2018,27.81,28.39,26.65,27.14,28300
BOOM,09 Nov 2018,38.89,38.89,37.35,37.77,45000
BOSC,09 Nov 2018,2.1,2.14,2.1,2.13,19300
BOTJ,09 Nov 2018,14.9,15.205,14.9,14.901,1400
BOTZ,09 Nov 2018,20.04,20.08,19.81,19.95,864700
BOXL,09 Nov 2018,3.35,3.5,2.8,2.9,1001800
BPFH,09 Nov 2018,13.01,13.34,13.01,13.29,695000
BPMC,09 Nov 2018,62.89,62.94,59.81,60.22,323100
BPOP,09 Nov 2018,55.33,56.155,54.97,56.01,1320400
BPOPM,09 Nov 2018,24.6,24.6,24.24,24.26,7700
BPOPN,09 Nov 2018,25.3,25.3,25.1,25.1,900
BPR,09 Nov 2018,19.11,19.48,19.06,19.26,834100
BPRAP,09 Nov 2018,24.5,24.77,24.42,24.74,31300
BPRN,09 Nov 2018,30.17,30.25,29.3,29.71,6600
BPTH,09 Nov 2018,9.2,9.8,9,9,54200
BPY,09 Nov 2018,19.13,19.51,19.11,19.3,1197300
BREW,09 Nov 2018,16.83,17.105,16.63,16.69,187600
BRID,09 Nov 2018,20.79,20.79,19.9,20.2,13200
BRKL,09 Nov 2018,15.2,15.365,14.88,14.94,531800
BRKR,09 Nov 2018,34.67,34.83,33.63,33.83,736900
BRKS,09 Nov 2018,30.61,30.61,29.34,29.91,495200
BRPA,09 Nov 2018,10.1,10.1,10.1,10.1,0
BRPAR,09 Nov 2018,0.46,0.46,0.46,0.46,0
BRPAW,09 Nov 2018,0.36,0.36,0.36,0.36,100
BRY,09 Nov 2018,13.82,14.05,12.93,13.96,254700
BSET,09 Nov 2018,19.82,19.83,19.56,19.72,36200
BSGM,09 Nov 2018,4.58,4.58,4.35,4.4,34400
BSQR,09 Nov 2018,2.3,2.4,2.25,2.25,64600
BSRR,09 Nov 2018,28.12,28.29,27.95,28.16,173100
BSTC,09 Nov 2018,57.22,61.2,56.21,57.96,42500
BSVN,09 Nov 2018,18.29,18.9,18.23,18.65,5300
BTAI,09 Nov 2018,6.18,6.18,5.57,5.9,82000
BTEC,09 Nov 2018,33.21,33.21,32.19,32.69,4100
BURG,09 Nov 2018,2.11,2.31,2.11,2.31,31800
BUSE,09 Nov 2018,28.49,28.72,28.03,28.18,75400
BVSN,09 Nov 2018,1.78,1.78,1.71,1.71,700
BVXV,09 Nov 2018,5.46,5.52,5.46,5.52,7700
BVXVW,09 Nov 2018,1.015,1.015,1.015,1.015,0
BWB,09 Nov 2018,11.21,11.63,11.13,11.56,109700
BWEN,09 Nov 2018,1.93,1.95,1.85,1.93,3200
BWFG,09 Nov 2018,29.85,30.105,29.85,29.9,4900
BYFC,09 Nov 2018,1.31,1.41,1.31,1.39,5700
BYSI,09 Nov 2018,18.01,21.56,18.01,20.21,67700
BZUN,09 Nov 2018,41.7,41.71,38.61,40.19,2309000
CAAS,09 Nov 2018,2.45,2.49,2.2,2.205,28500
CAC,09 Nov 2018,41.6,41.92,41.14,41.47,15600
CACC,09 Nov 2018,424.24,425.4,417.75,422.49,67600
CACG,09 Nov 2018,29.98,29.98,29.48,29.75,51800
CAKE,09 Nov 2018,52.23,52.91,52.01,52.31,516300
CALA,09 Nov 2018,4.87,5.04,4.8,4.84,548400
CALM,09 Nov 2018,49.88,49.96,49.065,49.58,230900
CAMP,09 Nov 2018,20.2,20.22,19.54,19.86,183800
CAMT,09 Nov 2018,8.22,8.3,7.93,8.22,117500
CAPR,09 Nov 2018,10.1,10.7,9.8,9.8,32100
CAR,09 Nov 2018,33.13,33.3,31.615,32.23,1709300
CARA,09 Nov 2018,20.2,20.34,19.12,19.67,445300
CARB,09 Nov 2018,30.29,30.41,29.19,29.74,279600
CARG,09 Nov 2018,41.86,42.61,40.91,42.03,1297000
CARO,09 Nov 2018,33.87,33.87,33.02,33.48,86300
CART,09 Nov 2018,8.08,8.23,8.08,8.23,400
CARV,09 Nov 2018,4.3,4.31,4.11,4.24,4700
CARZ,09 Nov 2018,33.55,33.7,33.53,33.7,700
CASA,09 Nov 2018,15.93,16.42,15.74,15.76,491400
CASH,09 Nov 2018,25.4,25.89,24.78,24.96,321600
CASI,09 Nov 2018,3.56,3.57,3.38,3.43,270200
CASS,09 Nov 2018,68.59,68.9,66.78,66.91,15500
CASY,09 Nov 2018,130.52,131.31,129.06,130.54,189800
CATB,09 Nov 2018,7.05,7.1,6.82,6.9,181200
CATC,09 Nov 2018,87.37,87.37,87.31,87.31,1800
CATH,09 Nov 2018,34.63,34.63,34.36,34.37,37700
CATM,09 Nov 2018,35.55,36.385,35.16,36.05,543900
CATS,09 Nov 2018,10.09,10.27,9.01,9.22,47900
CATY,09 Nov 2018,38.99,39.38,38.4,38.6,361500
CBAN,09 Nov 2018,17.28,17.51,16.85,17,3300
CBAY,09 Nov 2018,11.61,11.66,11.25,11.56,579100
CBFV,09 Nov 2018,27.34,27.42,27.03,27.03,5200
CBIO,09 Nov 2018,11.09,11.15,10.09,10.13,193900
CBLI,09 Nov 2018,1.79,1.79,1.78,1.78,500
CBMB,09 Nov 2018,12.5,12.65,12.49,12.65,15400
CBMG,09 Nov 2018,17.08,17.08,16.4,16.71,23400
CBNK,09 Nov 2018,12.35,12.6,12.06,12.6,6100
CBPO,09 Nov 2018,67.95,69.53,66.93,69.23,124100
CBRL,09 Nov 2018,169.52,171.43,167.77,169.78,378100
CBSH,09 Nov 2018,66.97,67.5,66.36,66.85,447800
CBSHP,09 Nov 2018,25.16,25.24,25.16,25.19,9800
CBTX,09 Nov 2018,34.23,34.23,32.83,33.13,30500
CCB,09 Nov 2018,16.14,16.64,15.61,16.04,16100
CCBG,09 Nov 2018,24.75,25.13,24.67,24.84,13200
CCCL,09 Nov 2018,2.06,2.12,1.95,1.95,92200
CCD,09 Nov 2018,19.47,19.5,19,19.14,80400
CCLP,09 Nov 2018,5.57,5.67,5.2,5.58,181600
CCMP,09 Nov 2018,102.79,103.41,100.84,103.17,226600
CCNE,09 Nov 2018,25.64,26.62,25.64,26.44,16800
CCOI,09 Nov 2018,50.7,50.7,48.91,50.05,273000
CCRC,09 Nov 2018,9.76,11.23,9.76,10.16,233800
CCRN,09 Nov 2018,9.11,9.11,8.84,8.94,172600
CCXI,09 Nov 2018,11.4,11.4,10,10.05,340400
CDC,09 Nov 2018,46.44,46.71,46.37,46.62,33600
CDEV,09 Nov 2018,18,18.72,17.54,18.54,4034900
CDK,09 Nov 2018,50.69,51.88,50.5,50.77,2652300
CDL,09 Nov 2018,45.19,45.38,45.15,45.38,111700
CDLX,09 Nov 2018,19.3,20.04,18.74,19.24,131800
CDMO,09 Nov 2018,5.26,5.35,4.82,5.02,335800
CDMOP,09 Nov 2018,26.1,26.1,25.68,25.77,2900
CDNA,09 Nov 2018,29.25,30.15,24.19,25.61,2160000
CDNS,09 Nov 2018,46.25,46.41,45.85,46.26,1576700
CDTX,09 Nov 2018,4.15,4.15,3.98,4.04,29400
CDW,09 Nov 2018,90.61,91.49,90.07,91.08,752200
CDXC,09 Nov 2018,3.4,3.685,3.4,3.63,128300
CDXS,09 Nov 2018,17.4,17.485,15.36,15.71,341400
CDZI,09 Nov 2018,11,11.09,10.49,10.96,80000
CECE,09 Nov 2018,8.07,8.14,7.8,7.82,74500
CECO,09 Nov 2018,12.89,13.12,12.6,12.97,438000
CELC,09 Nov 2018,27.67,28.25,27.19,27.26,4100
CELG,09 Nov 2018,75.07,75.09,73.45,74.02,4128100
CELGZ,09 Nov 2018,0.88,1.05,0.88,0.91,26000
CELH,09 Nov 2018,4.03,4.03,3.89,3.92,76500
CEMI,09 Nov 2018,7.06,7.55,6.44,6.78,727900
CENT,09 Nov 2018,31.98,31.98,31.35,31.51,59500
CENTA,09 Nov 2018,29.11,29.83,28.65,28.85,147400
CENX,09 Nov 2018,9.45,9.68,9.13,9.32,1193900
CERC,09 Nov 2018,4.49,4.56,4.24,4.35,25900
CERN,09 Nov 2018,57.92,58.04,57.13,57.57,2314200
CERS,09 Nov 2018,5.84,5.86,5.7,5.73,452100
CETV,09 Nov 2018,3.38,3.4,3.335,3.36,54100
CETX,09 Nov 2018,10,10.24,9.52,9.52,53200
CETXP,09 Nov 2018,3.5,3.5,3.5,3.5,0
CETXW,09 Nov 2018,0.05,0.05,0.05,0.05,0
CEVA,09 Nov 2018,28.8,28.8,26.38,26.69,204300
CEY,09 Nov 2018,22.74,22.79,22.63,22.7,3600
CEZ,09 Nov 2018,25.42,25.42,25.42,25.42,300
CFA,09 Nov 2018,49.34,49.34,48.83,49.14,22000
CFBI,09 Nov 2018,10.69,10.69,10.52,10.59,2000
CFBK,09 Nov 2018,13.2,13.2,13.2,13.2,0
CFFI,09 Nov 2018,55.1,56.2,51.61,54.4,6800
CFFN,09 Nov 2018,12.83,12.9,12.42,12.79,193500
CFMS,09 Nov 2018,0.64,0.65,0.6,0.63,270500
CFO,09 Nov 2018,49.15,49.21,48.75,49.08,59900
CFRX,09 Nov 2018,2.31,2.36,2.15,2.19,153100
CG,09 Nov 2018,20.62,20.85,19.92,19.95,473800
CGBD,09 Nov 2018,15.97,16.23,15.9,15.97,202000
CGEN,09 Nov 2018,3.35,3.45,3.3,3.33,110300
CGIX,09 Nov 2018,0.65,0.69,0.61,0.61,98100
CGNX,09 Nov 2018,46.16,46.375,44.72,45.06,1029100
CGO,09 Nov 2018,12.22,12.23,11.85,12.02,43600
CHCI,09 Nov 2018,2.41,2.41,2.05,2.23,21100
CHCO,09 Nov 2018,76.43,76.43,74.89,75.3,41200
CHDN,09 Nov 2018,90.8367,91.4667,87.76,88.3333,113700
CHEF,09 Nov 2018,36.26,37.09,34.93,35.06,226300
CHEK,09 Nov 2018,3.77,3.77,3.63,3.74,27700
CHEKW,09 Nov 2018,0.07,0.07,0.07,0.07,1000
CHEKZ,09 Nov 2018,0.6,0.62,0.6,0.62,1500
CHFS,09 Nov 2018,15.68,16.52,14.7,15.54,327800
CHI,09 Nov 2018,10.41,10.41,10.22,10.27,474400
CHKP,09 Nov 2018,110.76,112.73,109.01,112.64,1166700
CHMA,09 Nov 2018,4.21,4.21,3.93,4.09,104700
CHMG,09 Nov 2018,42.7,43.18,42.7,43.01,4100
CHNA,09 Nov 2018,21.08,21.2,21.08,21.2,500
CHNR,09 Nov 2018,1.76,1.76,1.76,1.76,0
CHRS,09 Nov 2018,11.14,11.443,10.01,10.055,2369600
CHRW,09 Nov 2018,91.14,91.57,89.58,89.61,1177400
CHSCL,09 Nov 2018,26.78,26.803,26.68,26.725,11500
CHSCM,09 Nov 2018,25.48,25.48,25.25,25.39,13800
CHSCN,09 Nov 2018,25.9,26,25.9,25.93,9200
CHSCO,09 Nov 2018,27.22,27.289,27.18,27.265,12400
CHSCP,09 Nov 2018,27.81,28,27.81,27.95,6700
CHTR,09 Nov 2018,322.99,327.68,316.625,321.11,756800
CHUY,09 Nov 2018,20.4,20.73,19.7,20.43,398100
CHW,09 Nov 2018,7.98,7.98,7.86,7.93,165100
CHY,09 Nov 2018,11.08,11.14,10.93,11.02,319100
CIBR,09 Nov 2018,26.23,26.23,25.52,25.76,120700
CID,09 Nov 2018,31.73,32.01,31.73,32.01,1000
CIDM,09 Nov 2018,0.9,0.9,0.85,0.88,9900
CIFS,09 Nov 2018,1.91,1.91,1.66,1.83,559600
CIGI,09 Nov 2018,68.03,68.03,65.82,66.27,15600
CIL,09 Nov 2018,36.84,36.84,36.65,36.66,2600
CINF,09 Nov 2018,81.3,81.92,80.99,81.32,510200
CIVB,09 Nov 2018,21.15,21.47,20.85,20.95,33200
CIVBP,09 Nov 2018,63.95,63.95,63.95,63.95,100
CIZ,09 Nov 2018,31.3,31.44,31.3,31.44,8400
CIZN,09 Nov 2018,22.26,22.26,22.26,22.26,0
CJJD,09 Nov 2018,1.87,2.08,1.87,2.04,223800
CKPT,09 Nov 2018,2.44,2.57,2.25,2.51,103000
CLAR,09 Nov 2018,11.69,11.715,11.25,11.49,247900
CLBK,09 Nov 2018,15.92,15.98,15.67,15.78,89100
CLBS,09 Nov 2018,5.4,5.4,4.26,4.53,21600
CLCT,09 Nov 2018,14.26,14.59,14.26,14.3,43600
CLDX,09 Nov 2018,6,6,5.4,5.4,2506700
CLFD,09 Nov 2018,13.47,14.34,13.26,13.71,110700
CLGN,09 Nov 2018,5.4,5.69,5.2,5.62,8900
CLIR,09 Nov 2018,1.35,1.65,1.35,1.58,49900
CLLS,09 Nov 2018,26.62,27,26.49,26.51,136600
CLMT,09 Nov 2018,4.5,4.612,3.79,3.855,928400
CLNE,09 Nov 2018,2.64,2.65,2.36,2.42,1317500
CLPS,09 Nov 2018,5.8,5.85,5.69,5.7,25200
CLRB,09 Nov 2018,2.64,2.665,2.53,2.6,23400
CLRBZ,09 Nov 2018,0.14,0.14,0.14,0.14,2000
CLRG,09 Nov 2018,25.08,25.08,24.75,24.87,25600
CLRO,09 Nov 2018,1.43,1.45,1.35,1.39,194500
CLSD,09 Nov 2018,1.98,2.04,1.83,1.84,707500
CLSN,09 Nov 2018,2.19,2.22,2.12,2.17,72900
CLUB,09 Nov 2018,7.69,7.915,7.455,7.6,160600
CLVS,09 Nov 2018,15.5,16.67,15.1,15.65,1749400
CLWT,09 Nov 2018,3.85,3.98,3.75,3.86,16000
CLXT,09 Nov 2018,12.68,12.72,11.775,12.12,45500
CMCO,09 Nov 2018,37.73,38.07,36.55,36.92,47600
CMCSA,09 Nov 2018,38.16,38.71,37.95,38.34,17819100
CMCT,09 Nov 2018,17.41,17.53,17.4,17.45,7200
CME,09 Nov 2018,189.6,190.43,187.26,189.74,2459900
CMFNL,09 Nov 2018,25.07,25.11,25.03,25.11,1200
CMLS,09 Nov 2018,14.5,14.745,14.5,14.5,4100
CMPR,09 Nov 2018,117.02,117.86,114.73,117.58,189700
CMRX,09 Nov 2018,3.58,3.58,3.3,3.32,84100
CMTL,09 Nov 2018,28.49,28.65,28.135,28.19,88500
CNAT,09 Nov 2018,5.65,5.72,5.22,5.34,623600
CNBKA,09 Nov 2018,80.595,80.94,80.029,80.88,6000
CNCE,09 Nov 2018,15.93,16.4,15.62,16.06,450600
CNCR,09 Nov 2018,21.5,21.5,20.9,21.02,8300
CNET,09 Nov 2018,2.03,2.03,1.87,1.91,99100
CNFR,09 Nov 2018,5.69,5.69,5.61,5.61,1700
CNFRL,09 Nov 2018,26,26,26,26,0
CNMD,09 Nov 2018,69.35,69.355,68.54,69.1,148800
CNOB,09 Nov 2018,21.58,21.81,21.13,21.26,91900
CNSL,09 Nov 2018,13.7,13.7,13.17,13.23,571600
CNST,09 Nov 2018,6.1,6.12,5.73,5.86,6200
CNTY,09 Nov 2018,6.94,7.05,6.71,7.01,155500
CNXN,09 Nov 2018,31.06,31.56,30.88,31.43,98100
COCP,09 Nov 2018,1.92,1.98,1.77,1.83,29300
CODA,09 Nov 2018,6.13,6.15,6.01,6.15,2200
CODX,09 Nov 2018,2.3,2.36,2.3,2.31,3500
COHR,09 Nov 2018,134.19,134.95,130.22,131.3,293600
COHU,09 Nov 2018,18.6,18.9,18.21,18.86,405400
COKE,09 Nov 2018,183.45,194.33,182.76,192.4,81900
COLB,09 Nov 2018,38.34,38.41,37.49,37.74,348500
COLL,09 Nov 2018,14.36,15.855,13.7,15.42,1701600
COLM,09 Nov 2018,93.73,94.32,92.55,93.05,219600
COMM,09 Nov 2018,19.32,19.79,18.845,19.39,5264700
COMT,09 Nov 2018,36.85,36.88,36.56,36.83,46100
CONE,09 Nov 2018,54.97,55.27,54.44,54.82,506400
CONN,09 Nov 2018,30.02,30.64,28.78,29.12,154800
COOP,09 Nov 2018,15.5,15.695,15.06,15.11,807600
CORE,09 Nov 2018,30.3,30.4,28.62,29,580000
CORT,09 Nov 2018,13.33,13.45,12.98,13.01,1231600
CORV,09 Nov 2018,3.4,3.4,3.05,3.15,141200
COST,09 Nov 2018,237.97,240.26,237.07,237.74,2256700
COUP,09 Nov 2018,67.11,67.45,61.12,63.73,1317000
COWN,09 Nov 2018,15.96,15.98,15.53,15.76,184200
COWNL,09 Nov 2018,25.02,25.02,25.01,25.01,2300
COWNZ,09 Nov 2018,25.25,25.25,25.18,25.18,3200
CPAH,09 Nov 2018,2.08,2.16,2.05,2.11,12500
CPHC,09 Nov 2018,14.75,14.75,14.75,14.75,1000
CPIX,09 Nov 2018,6.01,6.86,6.01,6.45,2500
CPLP,09 Nov 2018,2.81,2.81,2.74,2.75,339700
CPRT,09 Nov 2018,50.19,50.6,49.56,50.27,1377500
CPRX,09 Nov 2018,3.05,3.12,2.84,2.88,2952900
CPSH,09 Nov 2018,1.37,1.37,1.36,1.36,1600
CPSI,09 Nov 2018,27.92,27.92,27.25,27.45,107500
CPSS,09 Nov 2018,3.87,4.025,3.73,3.73,8300
CPST,09 Nov 2018,0.88,0.88,0.82,0.83,350700
CPTA,09 Nov 2018,8.07,8.21,8.07,8.15,69200
CPTAG,09 Nov 2018,24.65,24.7,24.65,24.65,2100
CPTAL,09 Nov 2018,25.015,25.02,25.015,25.02,1300
CRAI,09 Nov 2018,45.6,45.94,44.98,45.7,39500
CRBP,09 Nov 2018,6.86,7.1,6.61,6.61,942500
CREE,09 Nov 2018,41.94,43.73,41.295,43.47,3201400
CREG,09 Nov 2018,1.21,1.24,1.18,1.21,207800
CRESY,09 Nov 2018,11.91,11.91,11.17,11.65,97300
CRIS,09 Nov 2018,1.65,1.65,1.53,1.56,220000
CRMT,09 Nov 2018,76.4,77.49,74.2,75.47,37800
CRNT,09 Nov 2018,4.42,4.44,4.17,4.35,1282000
CRNX,09 Nov 2018,28.02,29.32,26.5,26.84,41600
CRON,09 Nov 2018,8.8,8.93,8.41,8.55,5777200
CROX,09 Nov 2018,27.37,27.65,25.1,25.37,2463800
CRSP,09 Nov 2018,37.6,38,35.04,36.37,539000
CRTO,09 Nov 2018,20.62,20.91,20.02,20.2,960100
CRUS,09 Nov 2018,41.52,41.79,40.8,41.37,636500
CRVL,09 Nov 2018,64.67,65.54,63.53,63.99,22000
CRVS,09 Nov 2018,7.99,8.09,7.8,7.91,61000
CRWS,09 Nov 2018,5.9,5.99,5.9,5.93,2800
CRZO,09 Nov 2018,18.9,19.14,18.36,19.03,4525800
CSA,09 Nov 2018,46.268,46.268,45.925,45.925,3900
CSB,09 Nov 2018,45.74,45.74,44.79,45.05,8900
CSBR,09 Nov 2018,13.87,14.04,13.13,13.8,87300
CSCO,09 Nov 2018,48.08,48.25,46.7,47.11,22015300
CSF,09 Nov 2018,44.57,44.87,44.57,44.75,5900
CSFL,09 Nov 2018,25.02,25.2,24.52,24.69,405300
CSGP,09 Nov 2018,368.38,370.8,361.125,365.01,254300
CSGS,09 Nov 2018,36.14,36.79,35.94,36.71,308000
CSII,09 Nov 2018,31.94,32.04,30.6,31.09,320800
CSIQ,09 Nov 2018,14.23,14.34,13.9,14.27,382500
CSML,09 Nov 2018,26.18,26.18,25.67,25.83,24500
CSOD,09 Nov 2018,51.16,52.65,50.58,52.08,665800
CSPI,09 Nov 2018,12.21,12.46,11.19,11.61,6700
CSQ,09 Nov 2018,12.5,12.5,12.35,12.4,175600
CSSE,09 Nov 2018,8.94,9.15,8.85,8.85,5600
CSSEP,09 Nov 2018,25.12,25.38,25.05,25.38,6000
CSTE,09 Nov 2018,14.58,14.92,14.1,14.62,317200
CSTR,09 Nov 2018,15.08,16.35,15.08,15.5,32300
CSWC,09 Nov 2018,19.31,20.07,19.175,19.35,39800
CSWCL,09 Nov 2018,25.54,25.86,25.54,25.84,1600
CSWI,09 Nov 2018,53.52,53.9,51.97,52.42,30500
CSX,09 Nov 2018,71.08,71.53,69.88,70.66,5616100
CTAC,09 Nov 2018,9.6,9.6,9.6,9.6,0
CTACU,09 Nov 2018,10,10.02,9.99,10.02,11200
CTAS,09 Nov 2018,180.67,180.67,177.16,179.22,412000
CTBI,09 Nov 2018,46.23,46.25,45.39,45.66,16300
CTG,09 Nov 2018,4.6,4.65,4.47,4.55,8200
CTHR,09 Nov 2018,0.96,1,0.96,0.97,22500
CTIB,09 Nov 2018,3.89,3.99,3.63,3.99,1200
CTIC,09 Nov 2018,1.8,1.81,1.7,1.71,166100
CTMX,09 Nov 2018,16.31,16.43,14.9,15,417600
CTRC,09 Nov 2018,5.68,5.94,5.61,5.86,46900
CTRE,09 Nov 2018,19.6,19.68,19.26,19.38,818200
CTRN,09 Nov 2018,26.76,26.76,26.36,26.5,40700
CTSH,09 Nov 2018,70.91,71.14,69.85,70.34,3062200
CTSO,09 Nov 2018,10.65,10.72,9.73,9.85,182200
CTXR,09 Nov 2018,1.41,1.48,1.36,1.36,20600
CTXRW,09 Nov 2018,0.19,0.19,0.19,0.19,0
CTXS,09 Nov 2018,106.8,107.19,105.78,107.01,1009100
CUBA,09 Nov 2018,5.89,5.93,5.81,5.93,10500
CUE,09 Nov 2018,7.39,7.5,6.86,7.15,158100
CUI,09 Nov 2018,1.71,1.83,1.7,1.7,47300
CUTR,09 Nov 2018,21.39,21.97,20.46,20.48,277100
CVBF,09 Nov 2018,22.48,22.68,22.22,22.4,464900
CVCO,09 Nov 2018,193.5,193.5,161.99,165.2,369400
CVCY,09 Nov 2018,20.05,20.08,19.89,19.99,9300
CVGI,09 Nov 2018,7,7.215,6.86,7,178200
CVGW,09 Nov 2018,98.97,100.63,98.56,99.24,106500
CVLT,09 Nov 2018,59.58,59.995,58.63,59.44,260700
CVLY,09 Nov 2018,26.18,26.23,25.53,25.55,8200
CVTI,09 Nov 2018,25.01,25.02,23.76,23.9,90400
CVV,09 Nov 2018,4.34,4.4,4.12,4.23,20700
CWBC,09 Nov 2018,11.11,11.11,11.11,11.11,0
CWBR,09 Nov 2018,4,4.15,3.89,3.95,49200
CWCO,09 Nov 2018,12.85,12.85,12.03,12.54,40000
CWST,09 Nov 2018,31.83,32.13,31.3,31.95,135000
CXDC,09 Nov 2018,2.88,2.88,2.2,2.4,57200
CXSE,09 Nov 2018,63.88,63.88,62.96,63.36,9800
CY,09 Nov 2018,13.38,13.4,13.07,13.22,2499600
CYAD,09 Nov 2018,26.47,28.87,25.9,28,13500
CYAN,09 Nov 2018,3.405,3.405,3.405,3.405,0
CYBE,09 Nov 2018,20.36,21.29,20.12,20.53,25600
CYBR,09 Nov 2018,77.64,79.09,76.77,77.33,1039000
CYCC,09 Nov 2018,1.26,1.29,1.23,1.25,38000
CYCCP,09 Nov 2018,4.85,4.85,4.85,4.85,0
CYOU,09 Nov 2018,17.83,18.36,17.38,18.06,278500
CYRN,09 Nov 2018,3.14,3.15,3.08,3.11,7000
CYRX,09 Nov 2018,11.62,11.62,10.85,11.37,180600
CYRXW,09 Nov 2018,8,9.3,7.96,9.3,2300
CYTK,09 Nov 2018,7.05,7.26,6.97,7.12,1585800
CZNC,09 Nov 2018,26.6,26.79,26.17,26.2,25800
CZR,09 Nov 2018,8.93,9.07,8.49,8.51,20955800
CZWI,09 Nov 2018,12.2,12.2,12.2,12.2,600
DAIO,09 Nov 2018,5.15,5.15,4.8,4.96,33300
DAKT,09 Nov 2018,7.77,7.84,7.62,7.67,230600
DALI,09 Nov 2018,19.22,19.22,18.83,18.83,9800
DARE,09 Nov 2018,0.94,0.95,0.88,0.93,9000
DAX,09 Nov 2018,26,26.1,26,26.1,2100
DBVT,09 Nov 2018,19.58,19.62,18.99,19.2,97200
DBX,09 Nov 2018,27.02,27.15,24.75,25.55,14744600
DCAR,09 Nov 2018,2.466,2.58,2.43,2.472,59500
DCIX,09 Nov 2018,1.41,1.7,1.41,1.67,2869900
DCOM,09 Nov 2018,16.64,16.91,16.385,16.39,161600
DCPH,09 Nov 2018,19.79,20.63,19.06,20,377000
DDIV,09 Nov 2018,23.73,23.83,23.73,23.83,3600
DDMXU,09 Nov 2018,9.99,9.99,9.98,9.98,5800
DENN,09 Nov 2018,16.5,16.69,16.2,16.29,182200
DERM,09 Nov 2018,11.76,11.97,10.49,10.56,1371400
DFBH,09 Nov 2018,9.77,9.79,9.77,9.79,1200
DFBHU,09 Nov 2018,10.2,10.2,10.2,10.2,0
DFFN,09 Nov 2018,5.7,5.85,4.65,4.95,244100
DFNL,09 Nov 2018,23.73,23.74,23.64,23.72,5000
DGICA,09 Nov 2018,13.78,13.9,13.6,13.82,43500
DGICB,09 Nov 2018,12.49,12.49,12.49,12.49,0
DGII,09 Nov 2018,11.79,11.94,11.59,11.6,156100
DGLD,09 Nov 2018,55.05,55.55,54.87,55.25,28400
DGLY,09 Nov 2018,3,3.015,2.84,2.96,69300
DGRE,09 Nov 2018,22.35,22.35,22.17,22.3,7800
DGRS,09 Nov 2018,36.03,36.03,35.4,35.67,39000
DGRW,09 Nov 2018,42.87,42.9,42.51,42.72,236300
DHIL,09 Nov 2018,177.65,177.65,173.85,173.85,4400
DHXM,09 Nov 2018,1.85,2.08,1.85,2.06,150800
DINT,09 Nov 2018,16.43,16.44,16.29,16.39,45900
DIOD,09 Nov 2018,34.95,35.59,34.24,34.4,413400
DISCA,09 Nov 2018,33.17,34.47,32.745,32.98,4345700
DISCB,09 Nov 2018,31.38,31.38,31.38,31.38,0
DISCK,09 Nov 2018,30.25,31.03,29.55,29.71,2007200
DISH,09 Nov 2018,32.21,32.44,31.06,31.73,1994400
DJCO,09 Nov 2018,230.51,230.56,230.51,230.56,600
DLHC,09 Nov 2018,5.33,5.33,5.13,5.13,4000
DLPN,09 Nov 2018,1.47,1.47,1.47,1.47,100
DLPNW,09 Nov 2018,0.08,0.08,0.08,0.08,0
DLTH,09 Nov 2018,31.07,32.6,30.7,31.13,183800
DLTR,09 Nov 2018,87.69,87.94,85.93,86.38,2031800
DMLP,09 Nov 2018,18.3,18.43,18.05,18.28,45300
DMPI,09 Nov 2018,6.2,6.2,5.6,5.8,18900
DMRC,09 Nov 2018,21.7,22.35,20.88,21.22,40500
DNBF,09 Nov 2018,33.8,34,33.8,34,1300
DNKN,09 Nov 2018,74.75,75.12,73.79,74.51,722600
DNLI,09 Nov 2018,16.76,17.29,16.305,16.68,207800
DOCU,09 Nov 2018,44.32,45,43.36,44.43,994700
DOGZ,09 Nov 2018,2.2,2.2,2.03,2.07,2900
DOMO,09 Nov 2018,17.68,17.7,16.44,17.3,204300
DOOO,09 Nov 2018,38.96,38.96,37.925,38.54,67800
DORM,09 Nov 2018,81.53,83.71,80,83.46,141000
DOVA,09 Nov 2018,18.49,18.79,16.63,16.89,647900
DOX,09 Nov 2018,62.97,67.07,62.32,66.79,2344700
DRAD,09 Nov 2018,11.6,11.7,11.4,11.5,172500
DRIO,09 Nov 2018,1.15,1.16,1.14,1.16,27100
DRIOW,09 Nov 2018,0.12,0.14,0.11,0.14,1300
DRIV,09 Nov 2018,13.54,13.54,13.36,13.36,2200
DRNA,09 Nov 2018,14.73,14.94,14.37,14.72,334500
DRRX,09 Nov 2018,0.95,0.97,0.91,0.91,517400
DSGX,09 Nov 2018,30.87,31.23,30.32,30.49,48200
DSKE,09 Nov 2018,5.68,5.79,5.49,5.51,408100
DSKEW,09 Nov 2018,0.39,0.39,0.285,0.3,353400
DSLV,09 Nov 2018,36.58,37.36,36.5,36.93,111700
DSPG,09 Nov 2018,12.61,12.61,12.27,12.42,131500
DSWL,09 Nov 2018,3.25,3.25,3.21,3.21,5200
DTEA,09 Nov 2018,2.32,2.32,2.15,2.22,470900
DUSA,09 Nov 2018,23.09,23.09,22.96,23.05,10700
DVAX,09 Nov 2018,12.7,12.77,11.98,12.09,989300
DVLU,09 Nov 2018,18.02,18.02,18.02,18.02,100
DVOL,09 Nov 2018,19.58,19.58,19.58,19.58,100
DVY,09 Nov 2018,98.22,98.58,97.77,98.21,668300
DWAQ,09 Nov 2018,102.03,102.03,99.67,99.67,4000
DWAS,09 Nov 2018,51.09,51.17,49.81,50.2,30800
DWAT,09 Nov 2018,11.6,11.6,11.415,11.415,1000
DWCR,09 Nov 2018,26.81,26.81,26.81,26.81,100
DWFI,09 Nov 2018,22.77,22.86,22.76,22.81,15900
DWIN,09 Nov 2018,24.3,24.33,24.3,24.3,2000
DWLD,09 Nov 2018,22.81,22.81,22.51,22.62,270900
DWMC,09 Nov 2018,22.68,22.68,21.96,21.96,2900
DWPP,09 Nov 2018,28.89,28.952,28.795,28.795,500
DWSH,09 Nov 2018,27.1,27.4,27.06,27.21,16700
DWSN,09 Nov 2018,5.58,5.58,5.37,5.4,19500
DWTR,09 Nov 2018,27.875,27.875,27.502,27.57,10800
DXCM,09 Nov 2018,148.11,151.64,144.7,149.46,1601500
DXGE,09 Nov 2018,28.57,28.63,28.555,28.555,1000
DXJS,09 Nov 2018,42,42,41.67,41.67,6000
DXLG,09 Nov 2018,3.14,3.21,3.015,3.17,64300
DXPE,09 Nov 2018,41.43,41.43,39.72,39.81,52400
DXYN,09 Nov 2018,0.95,1.06,0.9,0.94,70700
DYNT,09 Nov 2018,2.82,2.82,2.82,2.82,100
DZSI,09 Nov 2018,14.15,14.47,13.05,14.39,31400
EA,09 Nov 2018,92.86,92.86,88.22,88.89,7236600
EARS,09 Nov 2018,14.2,14.3,13.4,13.64,958100
EAST,09 Nov 2018,8.2,8.2,7.85,7.95,16400
EBAY,09 Nov 2018,29.62,29.95,29.58,29.63,8713000
EBAYL,09 Nov 2018,25.36,25.84,25.36,25.65,70800
EBIX,09 Nov 2018,52.8,54.19,51.7,52.76,574000
EBMT,09 Nov 2018,16.63,16.9,16.61,16.9,1100
EBSB,09 Nov 2018,16.28,16.3,15.99,16.03,161000
EBTC,09 Nov 2018,30.56,31.89,30,31,9400
ECHO,09 Nov 2018,26.24,26.325,25.22,25.25,371100
ECOL,09 Nov 2018,70.59,71.77,69.73,70.45,117100
ECOR,09 Nov 2018,9.09,9.83,9.09,9.4,49800
ECPG,09 Nov 2018,24.04,25.38,23.59,25.27,774600
EDAP,09 Nov 2018,2.51,2.65,2.36,2.41,56400
EDIT,09 Nov 2018,29.65,30.04,28.42,28.95,706200
EDNT,09 Nov 2018,6.46,6.49,5.74,5.74,3600
EDRY,09 Nov 2018,9.65,10.325,9.214,10.15,33600
EDTX,09 Nov 2018,9.64,9.64,9.62,9.63,9400
EDTXU,09 Nov 2018,10,10,10,10,0
EDTXW,09 Nov 2018,0.44,0.44,0.44,0.44,0
EDUC,09 Nov 2018,12.47,12.65,12.47,12.47,8100
EEFT,09 Nov 2018,110.11,111.58,109.36,110.85,406600
EEI,09 Nov 2018,12.36,12.36,12.275,12.3,800
EEMA,09 Nov 2018,62.31,62.31,61.36,61.83,30300
EFAS,09 Nov 2018,16.23,16.23,16.23,16.23,0
EFBI,09 Nov 2018,15.27,15.27,15.27,15.27,400
EFOI,09 Nov 2018,1.34,1.35,1.23,1.27,22700
EFSC,09 Nov 2018,46.14,46.26,45.57,45.7,102300
EGAN,09 Nov 2018,8.45,8.91,7.73,8.54,845100
EGBN,09 Nov 2018,49.85,50.03,48.98,49.09,69200
EGLE,09 Nov 2018,4.45,4.45,4.23,4.285,531200
EGOV,09 Nov 2018,13.81,13.88,13.7,13.81,248900
EGRX,09 Nov 2018,52.99,53.93,51.74,51.95,242600
EHTH,09 Nov 2018,35.43,35.86,34.51,34.78,222400
EIDX,09 Nov 2018,12.43,12.885,12.01,12.71,170100
EIGI,09 Nov 2018,8.45,8.65,8.39,8.64,468900
EIGR,09 Nov 2018,11.3,11.5,10.75,10.91,91300
EKSO,09 Nov 2018,2.05,2.17,2.05,2.14,222000
ELGX,09 Nov 2018,12.6,12.95,11.1,11.1,1198100
ELOX,09 Nov 2018,16.85,17.415,15.55,17.04,32700
ELSE,09 Nov 2018,3.5,3.5,3.5,3.5,500
ELTK,09 Nov 2018,3.11,3.25,3.1,3.25,1100
EMB,09 Nov 2018,104.52,104.68,104.3,104.61,2238800
EMCB,09 Nov 2018,68.72,68.72,68.72,68.72,600
EMCF,09 Nov 2018,32.75,32.99,30.46,32.91,2900
EMCG,09 Nov 2018,19.82,19.86,19.72,19.81,3700
EMIF,09 Nov 2018,27.4,27.545,27.185,27.35,3100
EMKR,09 Nov 2018,4.8,4.96,4.64,4.68,166000
EML,09 Nov 2018,29,29.09,28.26,28.26,5600
EMMS,09 Nov 2018,3.97,4,3.73,3.86,2200
EMXC,09 Nov 2018,47.76,47.76,47.76,47.76,0
ENDP,09 Nov 2018,13.26,13.67,12.5,13.49,6440400
ENFC,09 Nov 2018,22.34,23.155,22.27,22.97,16000
ENG,09 Nov 2018,0.87,0.88,0.85,0.88,20700
ENPH,09 Nov 2018,5.8,5.81,5.4,5.56,1316100
ENSG,09 Nov 2018,47.85,48.17,46.72,47.19,524300
ENT,09 Nov 2018,2.61,2.8,2.6,2.725,606700
ENTA,09 Nov 2018,77.35,78.05,75.32,76.01,282500
ENTG,09 Nov 2018,27.32,27.53,26.57,26.77,1185800
ENTX,09 Nov 2018,5.44,5.44,4.95,5.24,1500
ENTXW,09 Nov 2018,0.9,0.9,0.9,0.9,0
ENZL,09 Nov 2018,47.49,47.57,47.29,47.5,15700
EOLS,09 Nov 2018,16.13,16.375,15.17,15.25,433700
EPAY,09 Nov 2018,51.93,56,50.55,54.74,1830800
EPIX,09 Nov 2018,2.94,2.95,2.91,2.91,2500
EPZM,09 Nov 2018,7.73,7.94,7.51,7.75,582600
EQ,09 Nov 2018,16.77,16.99,15.07,16.5,8300
EQBK,09 Nov 2018,36.91,37,36.4,36.61,15700
EQIX,09 Nov 2018,389.46,390.25,380.82,384.94,741200
EQRR,09 Nov 2018,45.56,45.56,45.56,45.56,0
ERI,09 Nov 2018,40.5,41.9,35.445,36.72,3545100
ERIC,09 Nov 2018,9.06,9.07,8.97,9.01,8894100
ERIE,09 Nov 2018,133.79,147.17,133.2,134.12,20400
ERII,09 Nov 2018,9.13,9.13,8.83,8.85,157900
ERYP,09 Nov 2018,8.01,8.38,7.71,7.71,1700
ESBK,09 Nov 2018,20.099,20.1,20.015,20.05,2600
ESCA,09 Nov 2018,12.42,12.42,12.08,12.16,7500
ESEA,09 Nov 2018,1.44,1.67,1.4,1.64,1145300
ESGD,09 Nov 2018,61.54,61.685,61.36,61.63,63800
ESGE,09 Nov 2018,31.49,31.5,31.15,31.425,340600
ESGR,09 Nov 2018,185.14,186.25,178.11,178.8,30100
ESGRP,09 Nov 2018,25.86,25.9,25.79,25.89,45500
ESGU,09 Nov 2018,60.81,60.81,60.64,60.75,8100
ESLT,09 Nov 2018,124.31,125.2,123.38,124.7,13300
ESPR,09 Nov 2018,58.15,58.9,52.72,54.49,933200
ESQ,09 Nov 2018,24.96,25.18,24.7,25.05,8300
ESSA,09 Nov 2018,16.23,16.23,16.11,16.15,12100
ESTA,09 Nov 2018,25.19,25.99,24.305,25.99,2600
ESTR,09 Nov 2018,4.07,4.17,4.07,4.17,14000
ESTRW,09 Nov 2018,0.16,0.19,0.15,0.175,21500
ESXB,09 Nov 2018,8.55,8.8,8.47,8.62,31300
ETFC,09 Nov 2018,53.76,53.83,52.5,52.94,2664300
ETSY,09 Nov 2018,53.5,55.71,51.7,52.01,5687900
ETTX,09 Nov 2018,6.35,6.5,6.21,6.5,32900
EUFN,09 Nov 2018,18.93,18.99,18.84,18.96,691900
EVBG,09 Nov 2018,58.32,58.52,54.93,56.46,410900
EVER,09 Nov 2018,12.25,12.63,12.1,12.63,25000
EVFM,09 Nov 2018,3.57,3.7,3.4,3.4,29300
EVGN,09 Nov 2018,2.95,2.95,2.95,2.95,0
EVK,09 Nov 2018,3.89,3.99,3.88,3.99,1100
EVLO,09 Nov 2018,9.17,9.71,8.02,8.04,28300
EVOK,09 Nov 2018,2.87,2.89,2.71,2.76,30000
EVOL,09 Nov 2018,1.68,1.71,1.67,1.7,11600
EVOP,09 Nov 2018,27.49,27.85,26.45,26.67,301800
EVSTC,09 Nov 2018,99.98,99.98,99.98,99.98,0
EWBC,09 Nov 2018,54.75,55.28,53.64,54,750800
EWZS,09 Nov 2018,14.21,14.3,13.91,14.15,70500
EXAS,09 Nov 2018,75.54,75.54,72.19,74.62,1932900
EXEL,09 Nov 2018,16.99,17.23,16.385,16.67,4282300
EXFO,09 Nov 2018,2.91,3.13,2.91,3.12,3200
EXLS,09 Nov 2018,58.2,58.63,57.42,58.44,158500
EXPD,09 Nov 2018,72.58,72.77,71.23,71.73,1040500
EXPE,09 Nov 2018,124.95,125.97,123.81,124.04,1676100
EXPI,09 Nov 2018,11.55,11.79,11.3,11.75,95500
EXPO,09 Nov 2018,52.9,53.7,52.15,52.83,181200
EXTR,09 Nov 2018,6.62,6.72,6.44,6.57,1692500
EYE,09 Nov 2018,45,45.38,43.77,43.85,253500
EYEG,09 Nov 2018,4.8,4.95,4.725,4.8,110000
EYEGW,09 Nov 2018,0.07,0.07,0.07,0.07,0
EYEN,09 Nov 2018,3.9,3.99,3.75,3.96,12400
EYES,09 Nov 2018,1.58,1.67,1.5,1.54,684000
EYESW,09 Nov 2018,0.47,0.47,0.45,0.45,1500
EYPT,09 Nov 2018,2.35,2.36,2.215,2.3,304200
EZPW,09 Nov 2018,9.37,9.55,9.21,9.41,1214500
FAAR,09 Nov 2018,27.015,27.16,27.01,27.076,9300
FAB,09 Nov 2018,54.87,54.87,54.55,54.64,2100
FAD,09 Nov 2018,70.1,70.1,68.69,69.1,6400
FALN,09 Nov 2018,25.79,25.79,25.59,25.685,12000
FAMI,09 Nov 2018,5.38,5.6,5.37,5.48,171600
FANG,09 Nov 2018,109.08,114.84,106.21,113.85,2440200
FANH,09 Nov 2018,28.96,28.96,27.64,27.97,81200
FARM,09 Nov 2018,24.85,25.68,24.85,24.97,100500
FARO,09 Nov 2018,48.46,48.46,46.42,46.56,46900
FAST,09 Nov 2018,27.305,27.575,27.045,27.38,4098900
FAT,09 Nov 2018,6.9,6.9,6.3,6.87,20600
FATE,09 Nov 2018,13.51,13.65,12.7,12.82,573500
FB,09 Nov 2018,146.75,147.76,144.07,144.96,17326800
FBIO,09 Nov 2018,1.14,1.14,1.04,1.1,194500
FBIOP,09 Nov 2018,16,16,16,16,0
FBIZ,09 Nov 2018,20.72,21.58,20.22,20.24,12800
FBMS,09 Nov 2018,36.2,36.48,35.72,35.99,15500
FBNC,09 Nov 2018,38.73,38.73,37.98,38.1,60900
FBSS,09 Nov 2018,21.8,21.8,21.8,21.8,0
FBZ,09 Nov 2018,13.6,13.67,13.35,13.54,7800
FCA,09 Nov 2018,24.9,24.9,24.79,24.8,1000
FCAL,09 Nov 2018,49.26,49.35,49.26,49.35,1000
FCAN,09 Nov 2018,22.33,22.33,21.98,22.07,12200
FCAP,09 Nov 2018,39.5,39.5,39.5,39.5,200
FCBC,09 Nov 2018,34.78,34.89,34.41,34.58,30800
FCBP,09 Nov 2018,23.45,23.45,23.25,23.25,3300
FCCO,09 Nov 2018,23.05,23.9,23.05,23.83,11700
FCCY,09 Nov 2018,20.26,20.6,20.13,20.13,4900
FCEF,09 Nov 2018,20.902,20.902,20.806,20.895,2100
FCEL,09 Nov 2018,10.8,11.16,10.56,10.56,315700
FCFS,09 Nov 2018,83.02,83.49,80.64,83.02,218500
FCNCA,09 Nov 2018,434.94,444.65,433.01,441.42,19600
FCSC,09 Nov 2018,2.23,2.26,2.1,2.15,76100
FCVT,09 Nov 2018,29.39,29.39,28.99,29.03,22200
FDBC,09 Nov 2018,62,62,62,62,1100
FDEF,09 Nov 2018,27.6,29.09,27.24,27.32,27900
FDIV,09 Nov 2018,48.42,48.56,48.42,48.56,9100
FDNI,09 Nov 2018,19,19.02,18.91,18.91,800
FDT,09 Nov 2018,53.23,53.23,52.78,53.09,122700
FDTS,09 Nov 2018,37.13,37.13,37.13,37.13,200
FDUS,09 Nov 2018,14.04,14.09,13.95,14.07,53700
FDUSL,09 Nov 2018,25.35,25.41,25.35,25.35,1500
FEIM,09 Nov 2018,11.1,11.13,10.905,11.07,9800
FELE,09 Nov 2018,45.59,45.6,44.78,45.43,116700
FEM,09 Nov 2018,23.37,23.43,23.2,23.41,37900
FEMB,09 Nov 2018,36.325,36.39,36.304,36.31,3900
FEMS,09 Nov 2018,33.75,33.8,33.42,33.79,18400
FENC,09 Nov 2018,8.12,8.23,7.5,7.61,37900
FEP,09 Nov 2018,34.4,34.45,34.19,34.33,105800
FEUZ,09 Nov 2018,37.49,37.51,37.17,37.51,3500
FEX,09 Nov 2018,58.84,58.84,58.19,58.63,126300
FEYE,09 Nov 2018,19.67,19.86,18.86,19.35,5304700
FFBC,09 Nov 2018,26.91,27.11,26.52,26.66,243800
FFBW,09 Nov 2018,10.9,10.9,10.9,10.9,0
FFHL,09 Nov 2018,1.95,2.15,1.95,2.15,3700
FFIC,09 Nov 2018,23.09,23.22,22.8,22.86,59100
FFIN,09 Nov 2018,31.83,32.075,31.52,31.895,292700
FFIV,09 Nov 2018,187.62,188.865,181.397,183.24,1012100
FFNW,09 Nov 2018,15.81,16.09,15.8,15.8,8300
FFWM,09 Nov 2018,16.48,16.585,16.18,16.2,119700
FGBI,09 Nov 2018,23.35,23.39,22.49,22.49,5400
FGEN,09 Nov 2018,43.35,43.96,41.48,42.06,515000
FGM,09 Nov 2018,41.92,42.1,41.87,41.87,600
FHB,09 Nov 2018,25.6,25.89,25.475,25.5,1028600
FHK,09 Nov 2018,33.84,33.84,33.8,33.8,1000
FIBK,09 Nov 2018,42.8,43.19,42.48,42.73,224300
FID,09 Nov 2018,16.44,16.44,16.44,16.44,1000
FINX,09 Nov 2018,25.85,25.85,25.2,25.56,79900
FISI,09 Nov 2018,29.62,29.88,29.09,29.13,32400
FISV,09 Nov 2018,79.27,80.48,79.13,80.24,2076500
FITB,09 Nov 2018,27.73,28.09,27.64,27.96,6387100
FITBI,09 Nov 2018,27.36,27.36,27.06,27.34,10500
FIVE,09 Nov 2018,123.63,124.98,121.65,121.7,672000
FIVN,09 Nov 2018,43.3,43.68,42.02,42.51,874800
FIXD,09 Nov 2018,48.47,48.58,48.39,48.58,108300
FIXX,09 Nov 2018,20.18,20.755,19.82,20.14,96200
FIZZ,09 Nov 2018,102.64,103.61,100.31,101.42,121200
FJP,09 Nov 2018,52.42,52.49,52.22,52.49,8400
FKO,09 Nov 2018,22.72,22.72,22.72,22.72,200
FKU,09 Nov 2018,36.22,36.24,36.09,36.1,2200
FLDM,09 Nov 2018,7.83,8.15,7.67,8.01,418500
FLEX,09 Nov 2018,8.42,8.5,8.105,8.22,14938300
FLGT,09 Nov 2018,3.53,3.618,3.28,3.595,44600
FLIC,09 Nov 2018,20.93,21.11,20.56,20.74,26500
FLIR,09 Nov 2018,48.54,49.13,47.83,48.4,1165600
FLL,09 Nov 2018,2.88,2.88,2.67,2.74,33900
FLMN,09 Nov 2018,7.965,9.415,7.4,9,417300
FLMNW,09 Nov 2018,1.75,1.75,1.75,1.75,0
FLN,09 Nov 2018,18.5,18.59,18.26,18.59,5200
FLNT,09 Nov 2018,3.33,3.52,3.1,3.26,1460800
FLWS,09 Nov 2018,13.55,14.11,13.06,13.3,242000
FLXN,09 Nov 2018,16.65,17.58,16.41,16.96,923500
FLXS,09 Nov 2018,25.26,25.26,24.44,24.57,103600
FMAO,09 Nov 2018,40.93,41.77,40.37,41,3600
FMB,09 Nov 2018,51.91,51.91,51.81,51.86,57700
FMBH,09 Nov 2018,37.73,37.875,36.8,37.06,21300
FMBI,09 Nov 2018,23.5,23.7,23.07,23.18,485800
FMCI,09 Nov 2018,9.63,9.63,9.63,9.63,0
FMCIU,09 Nov 2018,10.12,10.15,10.12,10.13,26700
FMCIW,09 Nov 2018,0.55,0.55,0.55,0.55,1000
FMHI,09 Nov 2018,49.58,49.58,49.58,49.58,0
FMK,09 Nov 2018,35.83,35.89,35.68,35.89,3600
FMNB,09 Nov 2018,13.19,14,13.19,13.48,18200
FNCB,09 Nov 2018,9.5,9.5,9.26,9.5,8700
FNHC,09 Nov 2018,22.6,22.87,21.98,22.21,110700
FNJN,09 Nov 2018,3.76,3.88,3.59,3.87,144300
FNK,09 Nov 2018,34.962,35.065,34.82,34.84,2000
FNKO,09 Nov 2018,17.13,18.6,15.05,15.67,2416800
FNLC,09 Nov 2018,27.39,28.5,27.39,28.25,8200
FNWB,09 Nov 2018,15.47,15.6,15.36,15.45,38300
FNX,09 Nov 2018,66.28,66.28,65.41,65.88,36600
FNY,09 Nov 2018,41.77,41.77,40.87,41.43,83000
FOCS,09 Nov 2018,38.92,39.5,37.77,38.2,403100
FOLD,09 Nov 2018,10.7,10.83,10.385,10.59,2288000
FOMX,09 Nov 2018,4.54,4.555,4.3,4.42,419300
FONR,09 Nov 2018,25.11,25.11,22.5,22.54,58900
FORD,09 Nov 2018,1.52,1.56,1.46,1.53,40600
FORK,09 Nov 2018,3.55,3.55,3.52,3.52,1200
FORM,09 Nov 2018,14.78,14.83,14.31,14.56,589100
FORR,09 Nov 2018,42.92,43.15,41.11,42.99,31900
FORTY,09 Nov 2018,40.94,40.94,40.94,40.94,100
FOSL,09 Nov 2018,21.63,21.63,18.5,18.79,4282700
FOX,09 Nov 2018,47.63,48.16,47.49,47.71,5183800
FOXA,09 Nov 2018,47.93,48.575,47.89,48.16,11023700
FOXF,09 Nov 2018,67.01,67.05,64.63,66.93,207300
FPA,09 Nov 2018,28.375,28.375,28.375,28.375,0
FPAY,09 Nov 2018,0.75,0.82,0.72,0.79,832200
FPAYW,09 Nov 2018,0.24,0.24,0.24,0.24,500
FPRX,09 Nov 2018,11.33,11.75,10.95,11.57,298400
FPXE,09 Nov 2018,18.34,18.34,18.34,18.34,200
FPXI,09 Nov 2018,31.93,31.93,31.93,31.93,200
FRAN,09 Nov 2018,37.32,37.32,35.4,35.52,871900
FRBA,09 Nov 2018,11.85,11.85,11.71,11.77,8900
FRBK,09 Nov 2018,6.85,7.03,6.73,6.73,57400
FRGI,09 Nov 2018,19.99,20.35,19.8,20.05,335200
FRME,09 Nov 2018,41.89,42.16,41.19,41.42,100700
FRPH,09 Nov 2018,49.64,50.82,49.25,49.75,23200
FRPT,09 Nov 2018,36.93,37.51,36.05,36.18,276300
FRSX,09 Nov 2018,2.49,2.63,2.41,2.48,38400
FRTA,09 Nov 2018,5.66,5.66,5.45,5.46,451300
FSBC,09 Nov 2018,16.77,16.77,16.77,16.77,0
FSBW,09 Nov 2018,47.02,47.39,46.53,46.75,15200
FSCT,09 Nov 2018,31.52,31.7,27.5,27.59,1196300
FSFG,09 Nov 2018,64.68,64.68,63.62,63.62,900
FSLR,09 Nov 2018,42.25,42.52,41.49,42.22,1240900
FSTR,09 Nov 2018,21.6,21.625,20.426,21.19,41600
FSV,09 Nov 2018,75.24,75.24,73.895,74.5,16900
FSZ,09 Nov 2018,46.79,46.79,46.59,46.73,15800
FTA,09 Nov 2018,52.49,52.66,52.09,52.37,39500
FTAG,09 Nov 2018,24.66,24.66,24.66,24.66,300
FTC,09 Nov 2018,64.21,64.21,63.46,63.98,65900
FTCS,09 Nov 2018,53.83,53.83,53.24,53.57,238800
FTDR,09 Nov 2018,21.2,22.65,20.68,22.28,1621600
FTEK,09 Nov 2018,1.49,1.5,1.4,1.49,52900
FTEO,09 Nov 2018,14.46,14.46,14.46,14.46,0
FTFT,09 Nov 2018,1.49,1.49,1.3,1.44,41200
FTGC,09 Nov 2018,19.03,19.17,18.99,19.12,66800
FTHI,09 Nov 2018,22.33,22.46,22.28,22.46,6900
FTLB,09 Nov 2018,22.2,22.26,22.17,22.19,4700
FTNT,09 Nov 2018,76.89,77.22,73.96,74.73,2234800
FTR,09 Nov 2018,3.96,4.03,3.81,3.87,4638700
FTRI,09 Nov 2018,12.07,12.12,12.07,12.12,16600
FTSL,09 Nov 2018,47.88,47.91,47.86,47.88,101800
FTSM,09 Nov 2018,60.01,60.03,60,60.02,518600
FTSV,09 Nov 2018,13.14,13.445,12.53,12.79,62300
FTXD,09 Nov 2018,24.73,24.79,24.52,24.63,1500
FTXG,09 Nov 2018,19.98,19.98,19.98,19.98,0
FTXH,09 Nov 2018,22.28,22.29,22.28,22.29,600
FTXL,09 Nov 2018,28.02,28.02,27.66,27.81,3900
FTXN,09 Nov 2018,20.7,21.25,20.7,21.18,4700
FTXO,09 Nov 2018,26.8,27.15,26.73,26.87,239800
FTXR,09 Nov 2018,24.26,24.26,24.26,24.26,200
FULT,09 Nov 2018,16.67,16.83,16.525,16.63,1134700
FUNC,09 Nov 2018,19.14,19.75,19.14,19.55,5200
FUND,09 Nov 2018,7,7.03,6.94,6.95,26400
FUSB,09 Nov 2018,8.96,8.96,8.96,8.96,0
FUV,09 Nov 2018,3.05,3.1,2.84,2.92,56800
FV,09 Nov 2018,28.11,28.11,27.49,27.79,137000
FVC,09 Nov 2018,26.23,26.23,25.6,25.88,98500
FVCB,09 Nov 2018,18.94,18.94,18.41,18.93,27400
FVE,09 Nov 2018,0.7,0.75,0.66,0.69,142500
FWONA,09 Nov 2018,32.68,32.72,30.92,31.46,240800
FWONK,09 Nov 2018,33.89,33.89,32.17,32.66,1900200
FWP,09 Nov 2018,1.65,1.65,1.52,1.53,36000
FWRD,09 Nov 2018,62.15,62.74,61.17,61.38,103000
FYC,09 Nov 2018,47.17,47.17,46.14,46.43,29400
FYT,09 Nov 2018,36.47,36.47,35.97,36.32,5900
FYX,09 Nov 2018,63.56,63.56,62.48,62.98,31000
GABC,09 Nov 2018,31.83,32.1,31.19,31.24,26000
GAIA,09 Nov 2018,12.2,12.72,12.05,12.37,139700
GAIN,09 Nov 2018,9.91,9.99,9.84,9.94,175400
GAINL,09 Nov 2018,25.16,25.26,25.16,25.2,6100
GAINM,09 Nov 2018,25.17,25.22,25.1,25.22,3800
GALT,09 Nov 2018,5.07,5.1,4.51,4.78,321200
GARS,09 Nov 2018,7.95,7.99,7.92,7.94,26900
GASS,09 Nov 2018,3.4,3.46,3.36,3.41,33300
GBCI,09 Nov 2018,44.99,45.31,44.71,44.99,350300
GBDC,09 Nov 2018,18.9,19.03,18.89,19.01,114000
GBLI,09 Nov 2018,34.24,35.36,34.03,34.03,7100
GBLIL,09 Nov 2018,25.57,25.59,25.52,25.59,2400
GBLIZ,09 Nov 2018,25.2,25.23,25.2,25.23,1200
GBT,09 Nov 2018,40.48,41.04,39.52,39.89,714000
GCBC,09 Nov 2018,31.7,31.7,31.7,31.7,1100
GCVRZ,09 Nov 2018,0.5,0.52,0.49,0.5,24300
GDEN,09 Nov 2018,17.35,17.66,13.25,14.44,1971700
GDS,09 Nov 2018,23.5,23.83,22.24,23.8,2550100
GEC,09 Nov 2018,3.44,3.44,3.44,3.44,200
GECC,09 Nov 2018,8.1,8.195,8.09,8.11,16000
GECCL,09 Nov 2018,24.99,25.07,24.92,24.92,2700
GECCM,09 Nov 2018,24.77,25.09,24.77,25.09,1100
GEMP,09 Nov 2018,1.34,1.345,1.27,1.27,65100
GENC,09 Nov 2018,11.92,12.105,11.56,11.64,28500
GENE,09 Nov 2018,4.72,4.92,4.64,4.64,37100
GENY,09 Nov 2018,34.91,34.91,34.2,34.6,3700
GEOS,09 Nov 2018,13.6,13.81,13.26,13.76,52900
GERN,09 Nov 2018,1.67,1.67,1.63,1.65,2548400
GEVO,09 Nov 2018,3.27,3.32,3.16,3.24,103000
GFED,09 Nov 2018,23.65,23.65,23.65,23.65,200
GFN,09 Nov 2018,15.54,15.54,14.78,15.12,52900
GFNCP,09 Nov 2018,101,101.135,100.8,100.8,400
GFNSL,09 Nov 2018,25.15,25.18,25.05,25.05,2800
GGAL,09 Nov 2018,25.82,25.98,24.79,25.26,903700
GH,09 Nov 2018,38.15,38.5,35.5,38.1,453300
GHDX,09 Nov 2018,82.73,86.48,81.42,81.67,1054100
GIFI,09 Nov 2018,8.35,8.775,8.32,8.38,37300
GIGM,09 Nov 2018,2.72,2.84,2.72,2.79,1500
GIII,09 Nov 2018,42.49,42.82,40.8,40.99,666300
GILD,09 Nov 2018,71.47,71.91,70.68,71.18,4568000
GILT,09 Nov 2018,10.64,10.74,10.56,10.74,15800
GLAD,09 Nov 2018,9.22,9.305,9.11,9.25,115100
GLADD,09 Nov 2018,25.23,25.29,25.16,25.23,47900
GLBS,09 Nov 2018,5.71,6.71,5.69,6.3,275900
GLBZ,09 Nov 2018,11.63,11.63,11.57,11.57,3100
GLDD,09 Nov 2018,7.26,7.3,7.15,7.25,597700
GLDI,09 Nov 2018,8.27,8.29,8.2,8.21,32500
GLG,09 Nov 2018,2.6,2.7,2.6,2.7,6400
GLIBA,09 Nov 2018,47.01,48.3,46.05,46.61,463900
GLIBP,09 Nov 2018,24.45,24.45,24.45,24.45,200
GLMD,09 Nov 2018,10.35,10.66,9.32,9.39,139700
GLNG,09 Nov 2018,28.64,28.94,27.7,28.36,1384700
GLPG,09 Nov 2018,107.69,107.83,104.65,105.99,81200
GLPI,09 Nov 2018,33.97,34.07,33.34,33.49,1476500
GLRE,09 Nov 2018,11.62,11.82,11.23,11.29,221900
GLUU,09 Nov 2018,8.03,8.12,7.83,8.07,2845500
GLYC,09 Nov 2018,14.2,14.22,13.27,13.28,211600
GMDA,09 Nov 2018,10.5,10.5,10.05,10.27,11700
GMLP,09 Nov 2018,14.38,14.46,13.99,14.39,222500
GMLPP,09 Nov 2018,25.35,25.43,25.27,25.4,11200
GNCA,09 Nov 2018,5.84,6.08,5.36,5.44,80200
GNMA,09 Nov 2018,47.43,47.45,47.36,47.39,5300
GNMK,09 Nov 2018,4.78,5,4.78,4.85,504600
GNMX,09 Nov 2018,1.3,1.31,1.24,1.3,145200
GNPX,09 Nov 2018,1.52,1.54,1.4,1.45,30900
GNTX,09 Nov 2018,21.87,21.99,21.49,21.83,2106800
GNTY,09 Nov 2018,30.19,30.71,30.14,30.37,7400
GNUS,09 Nov 2018,2.27,2.3,2.11,2.11,21000
GOGL,09 Nov 2018,7.14,7.16,7.04,7.09,90300
GOGO,09 Nov 2018,6.17,6.47,6.05,6.18,1936400
GOOD,09 Nov 2018,19.83,19.96,19.33,19.39,76400
GOODM,09 Nov 2018,25.03,25.33,24.98,25,4700
GOOG,09 Nov 2018,1073.99,1075.56,1053.11,1066.15,1343300
GOOGL,09 Nov 2018,1084.02,1088.35,1064.26,1077.02,1743200
GPAQ,09 Nov 2018,9.92,9.92,9.92,9.92,0
GPAQU,09 Nov 2018,10.47,10.47,10.47,10.47,0
GPAQW,09 Nov 2018,0.55,0.55,0.55,0.55,0
GPOR,09 Nov 2018,9.47,9.84,9.37,9.65,3256600
GPP,09 Nov 2018,14.93,15.02,14.85,14.95,12400
GPRE,09 Nov 2018,17.45,18.24,17.23,18.17,569300
GPRO,09 Nov 2018,5.47,5.6,5.41,5.51,2965500
GRBK,09 Nov 2018,9.12,9.25,8.79,8.81,150000
GRFS,09 Nov 2018,21.34,21.35,21.09,21.18,461200
GRID,09 Nov 2018,43.24,43.24,42.82,43.04,28300
GRIF,09 Nov 2018,34.95,35.4,34.9,35.4,1900
GRIN,09 Nov 2018,7.25,7.3,6.9,7.1,18700
GRMN,09 Nov 2018,66.45,66.71,65.62,66.11,970400
GRNQ,09 Nov 2018,4.8,4.8,3.65,3.82,6200
GROW,09 Nov 2018,1.45,1.45,1.35,1.37,63700
GRPN,09 Nov 2018,2.99,3,2.91,2.96,6868700
GRSH,09 Nov 2018,9.77,9.77,9.74,9.74,7300
GRSHU,09 Nov 2018,10.2,10.2,10.2,10.2,200
GRSHW,09 Nov 2018,1.5,1.5,1.5,1.5,0
GRTS,09 Nov 2018,25.88,27.73,23.57,23.6,209700
GRVY,09 Nov 2018,34.99,34.99,33.33,33.69,8100
GSBC,09 Nov 2018,54.49,54.59,53.56,53.84,15100
GSHD,09 Nov 2018,28.99,29.38,26.67,28.32,217500
GSIT,09 Nov 2018,5.83,5.83,5.6,5.7,27800
GSKY,09 Nov 2018,9.26,9.95,9.21,9.71,4048400
GSM,09 Nov 2018,6.66,6.66,6.47,6.58,310300
GSUM,09 Nov 2018,5,5.25,4.17,4.78,149800
GT,09 Nov 2018,22,22.11,21.7,21.99,2251100
GTHX,09 Nov 2018,45.07,46.5,44.3,45.67,178200
GTIM,09 Nov 2018,4.3,4.34,4.25,4.3,9600
GTLS,09 Nov 2018,71.31,71.31,68.96,69.79,178200
GTYH,09 Nov 2018,10.17,10.19,10.17,10.17,15500
GULF,09 Nov 2018,19.02,19.065,18.79,18.79,3900
GURE,09 Nov 2018,0.95,1,0.95,0.98,3900
GVP,09 Nov 2018,2.74,2.95,2.74,2.95,2400
GWGH,09 Nov 2018,6.1,6.1,6.1,6.1,400
GWPH,09 Nov 2018,146.5,146.605,134.329,137.87,773600
GWRS,09 Nov 2018,11.08,11.08,10.78,10.86,20900
GYRO,09 Nov 2018,18.48,18.5,18.46,18.5,400
HA,09 Nov 2018,36.55,37.28,36.24,36.76,462400
HABT,09 Nov 2018,14.67,15.15,14.5,14.99,230300
HAFC,09 Nov 2018,21.46,21.6,21.12,21.22,203100
HAIN,09 Nov 2018,22.21,22.74,21.805,22.24,5448700
HAIR,09 Nov 2018,2.07,2.12,1.86,1.95,286600
HALL,09 Nov 2018,10.94,11.04,10.78,10.78,21600
HALO,09 Nov 2018,16.14,16.265,15.77,15.89,781500
HAS,09 Nov 2018,98.21,98.93,96.7,97.32,1109700
HAYN,09 Nov 2018,32.11,32.835,30.71,31.41,78900
HBAN,09 Nov 2018,14.7,14.84,14.55,14.67,11361100
HBANN,09 Nov 2018,24.67,24.74,24.65,24.74,6700
HBANO,09 Nov 2018,25.62,25.8,25.59,25.75,14700
HBCP,09 Nov 2018,39.72,40.18,39.5,39.87,6300
HBIO,09 Nov 2018,4.08,4.11,4.05,4.05,52200
HBMD,09 Nov 2018,15.89,15.89,15.09,15.48,8800
HBNC,09 Nov 2018,17.25,17.5,17.05,17.14,51100
HBP,09 Nov 2018,3.03,3.43,2.9,2.92,71800
HCAP,09 Nov 2018,11.04,11.06,10.72,10.97,8200
HCAPZ,09 Nov 2018,25.44,25.45,25.44,25.45,500
HCCH,09 Nov 2018,9.6,9.6,9.6,9.6,3000
HCCHU,09 Nov 2018,10.31,10.31,10.31,10.31,0
HCCHW,09 Nov 2018,0.38,0.38,0.38,0.38,0
HCCI,09 Nov 2018,23.7,24.18,23.5,24.05,64700
HCKT,09 Nov 2018,18.91,19.06,18.54,18.85,333800
HCM,09 Nov 2018,32.07,32.33,31.63,32.09,112200
HCSG,09 Nov 2018,44.12,44.44,43.49,44.11,508900
HDS,09 Nov 2018,39.16,39.43,38.66,38.75,1578200
HDSN,09 Nov 2018,1.23,1.28,1.17,1.21,281800
HEAR,09 Nov 2018,17.39,17.65,16.6,16.84,1008300
HEBT,09 Nov 2018,1.14,1.14,1.14,1.14,0
HEES,09 Nov 2018,24.19,24.5,23.13,24.29,254500
HELE,09 Nov 2018,133.84,134.73,132.59,134.51,170200
HEWG,09 Nov 2018,25.89,25.94,25.81,25.92,67200
HFBL,09 Nov 2018,32.55,33,32.1,32.99,5500
HFFG,09 Nov 2018,11.99,12.3,11.99,12.3,10800
HFWA,09 Nov 2018,33.75,33.95,33.37,33.56,83700
HGSH,09 Nov 2018,1.38,1.38,1.31,1.35,15600
HIBB,09 Nov 2018,19.4,19.57,18.94,18.98,427000
HIFS,09 Nov 2018,207.185,207.185,201.07,201.07,1100
HIHO,09 Nov 2018,3.86,3.86,3.85,3.85,3600
HIIQ,09 Nov 2018,41.95,42.6,41.18,41.59,879900
HIMX,09 Nov 2018,4.82,4.84,4.32,4.41,4566500
HJLI,09 Nov 2018,2,2.12,1.975,2.07,14600
HJLIW,09 Nov 2018,0.55,0.55,0.55,0.55,0
HLG,09 Nov 2018,62.3,63.5,61.19,63.5,11000
HLIT,09 Nov 2018,5.97,6,5.85,5.92,383100
HLNE,09 Nov 2018,38.61,39.24,37.39,37.79,149400
HMHC,09 Nov 2018,8.47,8.83,8.25,8.33,1103100
HMNF,09 Nov 2018,20.36,20.37,19.63,20,7000
HMST,09 Nov 2018,26.86,26.95,26.37,26.4,77700
HMSY,09 Nov 2018,37.05,37.91,36.65,37.04,692700
HMTV,09 Nov 2018,14.02,14.18,13.9,13.98,32600
HNDL,09 Nov 2018,23.35,23.35,23.2,23.2,1300
HNNA,09 Nov 2018,12.57,12.78,12.2,12.49,1700
HNRG,09 Nov 2018,6.21,6.24,6.13,6.17,36100
HOFT,09 Nov 2018,30.65,31.9,29.94,30.38,30600
HOLI,09 Nov 2018,19.21,19.51,18.8,19.16,87100
HOLX,09 Nov 2018,42.2,42.28,41.04,41.78,2607100
HOMB,09 Nov 2018,19.8,19.97,19.58,19.72,561600
HONE,09 Nov 2018,10.1456,10.1456,9.9116,9.9784,16000
HOPE,09 Nov 2018,15.18,15.36,15,15.01,795200
HOVNP,09 Nov 2018,4.3,4.3,4.02,4.02,700
HQY,09 Nov 2018,98.17,100.97,94.15,97.03,611900
HRTX,09 Nov 2018,29.84,30.11,27.8,28.35,1456900
HRZN,09 Nov 2018,11.76,11.89,11.76,11.83,51200
HSDT,09 Nov 2018,10.7,10.76,10.26,10.26,28900
HSIC,09 Nov 2018,86.51,86.92,84.155,85.43,1332000
HSII,09 Nov 2018,35.66,35.66,34.57,35.02,148200
HSKA,09 Nov 2018,102.66,104.3,100.5,102.99,56800
HSON,09 Nov 2018,15.2,15.5,14.8,14.9,44400
HSTM,09 Nov 2018,26.1,26.73,25.53,25.66,305800
HTBI,09 Nov 2018,27.59,28.04,27.11,27.21,25300
HTBK,09 Nov 2018,14.52,14.76,14.41,14.42,339400
HTBX,09 Nov 2018,1.63,1.64,1.52,1.58,68600
HTGM,09 Nov 2018,3.88,3.88,3.46,3.65,610000
HTHT,09 Nov 2018,26.73,27.09,25.71,25.85,888300
HTLD,09 Nov 2018,20.15,20.42,19.58,19.85,228700
HTLF,09 Nov 2018,55.4,55.52,54.48,54.81,54000
HUBG,09 Nov 2018,48.37,48.37,46.105,46.56,372700
HURC,09 Nov 2018,42.35,44.82,41.79,42.19,6600
HURN,09 Nov 2018,55.52,57,53.3,53.37,175000
HVBC,09 Nov 2018,14.95,14.95,14.95,14.95,0
HWBK,09 Nov 2018,23.2,23.3,22.37,22.66,4000
HWC,09 Nov 2018,41.83,42.14,41.03,41.27,508300
HWCC,09 Nov 2018,6.66,7.04,5.97,6.1,64400
HWCPL,09 Nov 2018,24.88,24.88,24.66,24.66,5100
HWKN,09 Nov 2018,39.36,40.72,37.9,37.91,27800
HX,09 Nov 2018,6.96,7.25,6.71,6.85,243200
HYAC,09 Nov 2018,10.02,10.04,10.02,10.02,702000
HYACU,09 Nov 2018,10.49,10.49,10.49,10.49,0
HYACW,09 Nov 2018,0.975,0.975,0.975,0.975,0
HYLS,09 Nov 2018,47.31,47.31,47.09,47.19,184700
HYND,09 Nov 2018,21.77,21.77,21.4,21.4,83500
HYRE,09 Nov 2018,2.56,2.56,1.99,2.15,267700
HYXE,09 Nov 2018,49.76,49.8,49.76,49.79,800
HYZD,09 Nov 2018,24.05,24.05,23.81,23.88,149300
HZNP,09 Nov 2018,21.97,22.34,21.51,22.29,2678200
IAC,09 Nov 2018,184.26,188.5,176.44,186.55,1856400
IART,09 Nov 2018,56.3,56.3,54.95,55.11,431300
IBB,09 Nov 2018,109.29,109.59,106.86,107.73,1602000
IBCP,09 Nov 2018,23.36,23.43,23.07,23.16,55900
IBKC,09 Nov 2018,76.82,77.11,75.79,76.23,314900
IBKCO,09 Nov 2018,26.08,26.15,26.06,26.145,2300
IBKCP,09 Nov 2018,26.69,26.75,26.54,26.75,800
IBOC,09 Nov 2018,40.98,41.32,40.21,40.44,112300
IBTX,09 Nov 2018,60.03,60.875,59,59.54,159500
IBUY,09 Nov 2018,46.57,46.57,45.32,45.67,34900
ICAD,09 Nov 2018,2.89,2.89,2.425,2.73,136800
ICBK,09 Nov 2018,21.02,21.05,20.71,20.71,3500
ICCC,09 Nov 2018,7.37,7.63,7.37,7.63,1500
ICCH,09 Nov 2018,14.8,14.8,14.8,14.8,0
ICFI,09 Nov 2018,72.48,73.52,71.1,71.94,74800
ICHR,09 Nov 2018,16.68,16.8,15.61,16,636500
ICLK,09 Nov 2018,3.65,3.75,3.61,3.71,71700
ICLN,09 Nov 2018,8.7,8.7,8.6,8.65,85100
ICLR,09 Nov 2018,138.91,139.4,136.68,138.46,155400
ICON,09 Nov 2018,1.9,1.9,1.4,1.7,5906600
ICPT,09 Nov 2018,112.77,113.85,107,108.81,315600
ICUI,09 Nov 2018,231.95,233.035,222,232.01,695300
IDCC,09 Nov 2018,76.92,77.27,75.31,75.51,197000
IDLB,09 Nov 2018,27.55,27.55,27.55,27.55,1000
IDRA,09 Nov 2018,8.72,8.95,8.01,8.39,302200
IDSA,09 Nov 2018,2.09,2.12,1.94,2.04,10000
IDXG,09 Nov 2018,1.49,1.54,1.38,1.53,419300
IDXX,09 Nov 2018,208.72,209.4,203.42,207.17,464300
IEA,09 Nov 2018,8.99,9.05,8.53,8.66,37700
IEAWW,09 Nov 2018,0.92,1.04,0.88,0.93,28600
IEF,09 Nov 2018,99.93,100.22,99.915,100.17,2772600
IEI,09 Nov 2018,118.33,118.56,118.33,118.5,273000
IEP,09 Nov 2018,68.69,69.75,67.8,69.74,82100
IESC,09 Nov 2018,17.88,17.88,17.07,17.07,11800
IEUS,09 Nov 2018,50.86,50.86,50.57,50.85,3300
IFEU,09 Nov 2018,37.54,37.62,37.54,37.6,4400
IFGL,09 Nov 2018,27.77,27.84,27.71,27.82,35200
IFMK,09 Nov 2018,1.43,1.5,1.31,1.31,101200
IFRX,09 Nov 2018,31.53,32.66,31.53,32.45,5800
IFV,09 Nov 2018,18.44,18.65,18.3,18.45,222000
IGF,09 Nov 2018,41.42,41.47,41.21,41.42,479800
IGIB,09 Nov 2018,52.19,52.26,52.19,52.22,556300
IGLD,09 Nov 2018,245,256,245,246,5700
IGOV,09 Nov 2018,47.33,47.47,47.26,47.35,101400
IGSB,09 Nov 2018,51.5,51.54,51.49,51.49,708300
III,09 Nov 2018,4.18,4.18,4.08,4.1,32600
IIIN,09 Nov 2018,27.56,28,27.22,27.86,124600
IIIV,09 Nov 2018,20.19,20.51,19.62,20.01,125000
IIN,09 Nov 2018,40.78,41.07,38.8,39.95,178900
IIVI,09 Nov 2018,40.6,41.3,38,38.01,6126700
IJT,09 Nov 2018,186.32,186.32,182.55,183.94,101400
IKNX,09 Nov 2018,9,9,9,9,0
ILMN,09 Nov 2018,339.61,339.61,324.57,329.25,1192400
ILPT,09 Nov 2018,22.15,22.555,21.97,22.22,136200
IMGN,09 Nov 2018,6.18,6.27,5.88,5.93,1671400
IMKTA,09 Nov 2018,33.64,33.99,32.945,33.03,35800
IMMP,09 Nov 2018,3.21,3.28,3.08,3.22,57300
IMMR,09 Nov 2018,9.28,9.43,9.055,9.18,245700
IMMU,09 Nov 2018,21.9,23.085,21.32,21.465,2299100
IMOS,09 Nov 2018,16.97,16.97,16.62,16.62,6200
IMRN,09 Nov 2018,7.85,9.25,7.85,9.06,1700
IMRNW,09 Nov 2018,2.2,2.2,2.2,2.2,0
IMTE,09 Nov 2018,6.42,7.1,6.42,7.01,1000
IMV,09 Nov 2018,5.69,5.69,5.68,5.68,500
IMXI,09 Nov 2018,12.1,13.38,12.1,12.59,189400
INAP,09 Nov 2018,7.01,7.155,6.78,6.94,566700
INBK,09 Nov 2018,26.48,27.17,25.22,25.3,32200
INBKL,09 Nov 2018,25.18,25.57,25.18,25.22,2500
INCY,09 Nov 2018,68.39,68.5,64.93,66.03,1326000
INDB,09 Nov 2018,80.49,80.97,78.69,79.31,55100
INDY,09 Nov 2018,33.13,33.13,32.81,32.87,169700
INFI,09 Nov 2018,2.37,2.4,2.32,2.4,169900
INFN,09 Nov 2018,4.63,4.82,4.51,4.7,8391500
INFR,09 Nov 2018,27.47,27.65,27.23,27.62,900
INGN,09 Nov 2018,147.38,148.52,140.7,148.51,867000
INNT,09 Nov 2018,3.95,4,3.76,3.84,89900
INO,09 Nov 2018,5,5.5,4.86,5.29,1938600
INOD,09 Nov 2018,1.42,1.51,1.42,1.51,56400
INOV,09 Nov 2018,10.5,11.53,10.31,11.51,755400
INPX,09 Nov 2018,3.4,3.51,3.11,3.27,119300
INSE,09 Nov 2018,6.82,6.82,6.65,6.65,1400
INSG,09 Nov 2018,4.01,4.09,3.86,4.05,639100
INSM,09 Nov 2018,17.47,17.57,15.95,16.36,904300
INTC,09 Nov 2018,48.79,49.025,47.87,48.11,21761400
INTG,09 Nov 2018,34.87,35.1,33.8,34.56,2000
INTL,09 Nov 2018,49.46,49.46,48.59,48.59,38300
INTU,09 Nov 2018,222.89,223.41,219.05,222.17,1588000
INVA,09 Nov 2018,16.61,16.61,16.02,16.39,1761200
INVE,09 Nov 2018,6.32,6.87,6.05,6.45,39900
INWK,09 Nov 2018,4.72,4.75,3.93,4.24,989700
IONS,09 Nov 2018,52.63,52.84,50.94,51.5,1136700
IOSP,09 Nov 2018,76.11,76.11,73.5,73.94,67900
IOTS,09 Nov 2018,5.26,5.5,4.81,5.31,528100
IOVA,09 Nov 2018,9.53,9.79,8.72,8.97,1644000
IPAR,09 Nov 2018,60.55,61.79,60.55,61.2,114200
IPDN,09 Nov 2018,2.58,2.58,1.52,2.41,3800
IPGP,09 Nov 2018,140.03,140.03,135.84,137.79,506200
IPHS,09 Nov 2018,30.73,30.73,29.4,29.86,110500
IPKW,09 Nov 2018,31.79,31.79,31.61,31.71,103000
IPWR,09 Nov 2018,5.5,5.6,5.2,5.5,44000
IQ,09 Nov 2018,20.25,20.25,19.7,20,6532100
IRBT,09 Nov 2018,99.24,99.95,94,96.01,644200
IRCP,09 Nov 2018,25,25,25,25,4400
IRDM,09 Nov 2018,21.61,21.67,20.4,20.75,694600
IRIX,09 Nov 2018,5.53,5.54,4.94,5.09,26700
IRMD,09 Nov 2018,25.48,26.02,23.6,24.57,132300
IROQ,09 Nov 2018,22.11,22.11,22.11,22.11,500
IRTC,09 Nov 2018,80.96,81.26,76.82,77.8,168100
IRWD,09 Nov 2018,11.99,12.06,11.62,11.88,1677500
ISBC,09 Nov 2018,12.51,12.56,12.31,12.4,2509400
ISDS,09 Nov 2018,23.57,23.57,23.57,23.57,0
ISDX,09 Nov 2018,24.06,24.06,24.06,24.06,0
ISEM,09 Nov 2018,25.29,25.29,24.75,24.75,700
ISHG,09 Nov 2018,80.41,80.41,80.195,80.25,9800
ISIG,09 Nov 2018,1.88,1.95,1.82,1.95,7100
ISNS,09 Nov 2018,5.59,5.68,5.565,5.68,8200
ISRG,09 Nov 2018,534.67,535.64,525,532.56,636700
ISSC,09 Nov 2018,2.35,2.39,2.31,2.34,18500
ISTB,09 Nov 2018,48.68,48.68,48.64,48.68,160800
ISTR,09 Nov 2018,25.03,25.81,24.95,25.24,32700
ITCI,09 Nov 2018,19.66,19.7,18,18.09,318300
ITI,09 Nov 2018,4.6,4.65,4.5,4.59,47800
ITIC,09 Nov 2018,185.12,187.96,183.595,185.3,4000
ITRI,09 Nov 2018,55.59,55.59,53.14,53.99,379900
ITRM,09 Nov 2018,5.8,5.85,5.71,5.74,3200
ITRN,09 Nov 2018,35.56,36.58,35.56,36.1,2800
IUS,09 Nov 2018,24.5,24.5,24.5,24.5,0
IUSB,09 Nov 2018,48.43,48.49,48.42,48.46,147100
IUSG,09 Nov 2018,58.72,58.75,57.95,58.37,379700
IUSS,09 Nov 2018,23.05,23.05,23.05,23.05,0
IUSV,09 Nov 2018,55.07,55.14,54.65,54.91,337900
IVAC,09 Nov 2018,4.99,5.04,4.785,4.85,51700
IXUS,09 Nov 2018,56.21,56.21,55.81,56.14,1365500
IZEA,09 Nov 2018,1.66,1.69,1.63,1.68,61000
JACK,09 Nov 2018,80.13,80.75,79.86,80.21,349400
JAGX,09 Nov 2018,36.4,37.1,31.08,32.55,696500
JAKK,09 Nov 2018,2.4,2.84,2.38,2.46,160500
JASN,09 Nov 2018,2.07,2.17,1.94,2.12,130000
JAZZ,09 Nov 2018,141.71,149.38,140.55,145.57,1051500
JBHT,09 Nov 2018,108.56,109.01,106.27,106.72,975400
JBLU,09 Nov 2018,18.12,18.5,17.985,18.1,6733700
JBSS,09 Nov 2018,65.04,65.72,63.79,64.63,63000
JCOM,09 Nov 2018,74.15,75.46,73.26,74.27,276300
JCS,09 Nov 2018,3.06,3.06,2.77,2.77,3200
JCTCF,09 Nov 2018,8.5,8.6,8.2,8.33,8600
JD,09 Nov 2018,22,22.48,21.58,21.7,17573400
JG,09 Nov 2018,6.98,6.98,6.7,6.85,3300
JJSF,09 Nov 2018,151.49,157.75,148.725,154.92,123100
JKHY,09 Nov 2018,142.38,142.89,140.47,141.5,1417600
JKI,09 Nov 2018,157.15,157.695,156.505,157.54,4400
JMU,09 Nov 2018,1.14,1.15,0.97,1.02,270300
JNCE,09 Nov 2018,4.91,4.99,4.63,4.81,231600
JOBS,09 Nov 2018,61,65.25,59.2,63.3,253700
JOUT,09 Nov 2018,73.3,74.61,71.25,71.74,22000
JRJC,09 Nov 2018,1.73,1.75,1.7,1.75,3100
JRSH,09 Nov 2018,8,8.16,7.59,7.92,69200
JRVR,09 Nov 2018,37.85,38.77,37.36,37.46,152600
JSM,09 Nov 2018,20.02,20.17,19.74,19.9,5800
JSMD,09 Nov 2018,41.96,42.14,41.24,42.14,2100
JSML,09 Nov 2018,40.43,40.43,40.25,40.32,3900
JVA,09 Nov 2018,4.47,4.55,4.46,4.5,1500
JYNT,09 Nov 2018,8,8,7.46,7.9,117500
KALA,09 Nov 2018,7.55,7.55,7.11,7.2,200200
KALU,09 Nov 2018,98.5,98.535,95.43,96.3,122000
KALV,09 Nov 2018,18.78,19.3,18.53,18.82,25500
KBAL,09 Nov 2018,16.06,16.58,15.9,15.99,87800
KBLM,09 Nov 2018,10.1,10.1,10.1,10.1,0
KBLMR,09 Nov 2018,0.3,0.3,0.3,0.3,0
KBLMW,09 Nov 2018,0.17,0.17,0.17,0.17,100
KBSF,09 Nov 2018,4.14,4.15,4.12,4.12,5800
KBWB,09 Nov 2018,52.48,52.69,52.01,52.36,1123900
KBWD,09 Nov 2018,22.39,22.39,22.19,22.34,33300
KBWP,09 Nov 2018,61.83,61.87,61.605,61.84,2000
KBWR,09 Nov 2018,52.4,52.796,52.035,52.306,5500
KBWY,09 Nov 2018,32.26,32.37,31.96,32.09,76900
KCAPL,09 Nov 2018,24.94,25.06,24.91,25,4800
KE,09 Nov 2018,18,18.2,17.86,17.93,62200
KELYA,09 Nov 2018,23.98,24.17,23.13,23.24,91500
KELYB,09 Nov 2018,23.4,23.4,23.4,23.4,0
KEQU,09 Nov 2018,29.01,29.5,29.01,29.5,500
KFFB,09 Nov 2018,7.76,7.76,7.76,7.76,500
KFRC,09 Nov 2018,32.21,33.39,30.95,31.32,138400
KGJI,09 Nov 2018,0.96,0.97,0.96,0.96,3100
KHC,09 Nov 2018,53.36,54.145,53.07,53.99,5712900
KIDS,09 Nov 2018,29.48,29.63,27.79,28.88,28600
KIN,09 Nov 2018,13.93,14,13.35,13.4,135100
KINS,09 Nov 2018,17.14,17.19,16.88,16.97,23100
KIRK,09 Nov 2018,10.5,10.56,10.4,10.5,118700
KLAC,09 Nov 2018,96,96.73,94.41,95.28,1648900
KLIC,09 Nov 2018,21.16,21.34,20.645,20.78,549700
KLXE,09 Nov 2018,29.34,30.03,29.03,29.7,124300
KMDA,09 Nov 2018,5.5,5.5,5.34,5.34,200
KMPH,09 Nov 2018,2.5,2.6,2.37,2.56,190000
KNDI,09 Nov 2018,4.78,4.8,4.5,4.71,682900
KNSA,09 Nov 2018,21.06,21.23,19.82,19.94,10100
KNSL,09 Nov 2018,60.53,61.32,59.635,60.18,60000
KOD,09 Nov 2018,8.36,9,8.36,8.64,68000
KOPN,09 Nov 2018,1.96,1.97,1.84,1.85,296400
KOSS,09 Nov 2018,2.26,2.26,2.26,2.26,0
KPTI,09 Nov 2018,12.25,12.49,11.59,11.6,786500
KRMA,09 Nov 2018,20.66,20.66,20.38,20.505,1300
KRNT,09 Nov 2018,20.22,20.38,19.82,20.06,143100
KRNY,09 Nov 2018,13.3,13.45,13.03,13.13,292800
KRYS,09 Nov 2018,21.01,22.48,20.5,22.34,56200
KTCC,09 Nov 2018,7.26,7.26,7.15,7.19,2900
KTOS,09 Nov 2018,15.7,16.09,15.48,15.54,2500400
KTOV,09 Nov 2018,1.38,1.4,1.3,1.33,43700
KTOVW,09 Nov 2018,0.39,0.39,0.39,0.39,0
KURA,09 Nov 2018,12.15,12.2,11.44,11.99,257000
KVHI,09 Nov 2018,11.48,12.02,11.25,11.25,11500
KZIA,09 Nov 2018,2.66,2.69,2.04,2.62,11200
KZR,09 Nov 2018,24.98,25.03,23.56,24.58,29200
LACQ,09 Nov 2018,9.72,9.72,9.72,9.72,10000
LACQU,09 Nov 2018,10.28,10.28,10.28,10.28,0
LACQW,09 Nov 2018,0.99,0.99,0.99,0.99,0
LAKE,09 Nov 2018,13.33,13.46,13.2,13.27,8400
LAMR,09 Nov 2018,74.34,76.95,74.34,76.13,623500
LANC,09 Nov 2018,177.97,178.99,175.82,178.2,104500
LAND,09 Nov 2018,13.35,13.35,12.71,13.1,76900
LANDP,09 Nov 2018,25.48,25.48,25.4,25.41,1100
LARK,09 Nov 2018,26.85,26.85,26.74,26.8,1100
LASR,09 Nov 2018,20.52,21.46,20.03,20.48,262400
LAUR,09 Nov 2018,15.85,16,15.4,15.9,546400
LAWS,09 Nov 2018,30.86,31.09,30.85,31.07,4200
LAZY,09 Nov 2018,4.95,5.15,4.41,4.97,31100
LBAI,09 Nov 2018,16.58,16.59,16.315,16.44,130000
LBC,09 Nov 2018,9.67,9.85,9.63,9.67,22300
LBRDA,09 Nov 2018,83.02,83.54,81.31,82.07,79400
LBRDK,09 Nov 2018,82.64,83.7,81.45,82.17,489500
LBTYA,09 Nov 2018,25.33,25.64,24.85,25.12,2084200
LBTYB,09 Nov 2018,25.29,25.29,25.29,25.29,0
LBTYK,09 Nov 2018,24.79,25.02,24.26,24.51,3338000
LCA,09 Nov 2018,11,11,10.47,10.83,206800
LCAHU,09 Nov 2018,13.11,13.97,13.11,13.14,300
LCAHW,09 Nov 2018,1.18,1.34,1.18,1.34,1600
LCNB,09 Nov 2018,16.74,16.74,16.55,16.55,33500
LCUT,09 Nov 2018,10.04,10.15,9.76,10.15,9900
LDRI,09 Nov 2018,24.465,24.499,24.462,24.499,900
LE,09 Nov 2018,18.56,18.56,17.92,17.99,119000
LECO,09 Nov 2018,85.61,86,83.3,84.75,594300
LEDS,09 Nov 2018,4.56,4.6,4.46,4.58,40600
LEGR,09 Nov 2018,28.14,28.14,28.02,28.07,2100
LEVL,09 Nov 2018,26.95,27.22,26.51,26.64,51900
LFAC,09 Nov 2018,9.56,9.63,9.56,9.63,10100
LFACU,09 Nov 2018,10,10.02,10,10.02,11400
LFACW,09 Nov 2018,0.45,0.45,0.45,0.45,0
LFUS,09 Nov 2018,188.37,189.2,183.04,185.5,79500
LFVN,09 Nov 2018,11.92,11.93,11.64,11.85,42100
LGIH,09 Nov 2018,40.26,41.92,39.84,41.26,631100
LGND,09 Nov 2018,168.12,169.21,156.04,158.59,824500
LHCG,09 Nov 2018,96.78,97.71,95.13,96.93,167500
LIFE,09 Nov 2018,9.1,11.48,8.68,8.82,4002600
LILA,09 Nov 2018,19.62,19.67,19.18,19.39,423000
LILAK,09 Nov 2018,19.67,19.67,19.15,19.33,596900
LINC,09 Nov 2018,2.8,2.805,2.63,2.7,12800
LIND,09 Nov 2018,13.29,13.31,13.01,13.28,67600
LITE,09 Nov 2018,58.29,58.4,55.24,55.95,2286300
LIVE,09 Nov 2018,7.12,7.81,7.12,7.35,15600
LIVN,09 Nov 2018,121.41,122.385,118.115,118.81,371700
LIVX,09 Nov 2018,3.9,4.05,3.77,4.05,113500
LJPC,09 Nov 2018,15.5,16.16,14.85,15.22,500200
LKFN,09 Nov 2018,44.5,44.8,44.04,44.25,144100
LKQ,09 Nov 2018,28.55,28.81,27.56,27.73,2685700
LLIT,09 Nov 2018,1.72,1.72,1.72,1.72,0
LLNW,09 Nov 2018,3.81,3.81,3.68,3.7,536600
LMAT,09 Nov 2018,27.5,27.65,26.7,26.93,69000
LMB,09 Nov 2018,8.75,8.76,8.08,8.34,20500
LMBS,09 Nov 2018,50.79,50.84,50.79,50.84,198400
LMFA,09 Nov 2018,1.99,1.99,1.76,1.77,225700
LMFAW,09 Nov 2018,0.006,0.006,0.006,0.006,0
LMNR,09 Nov 2018,25.3,25.59,24.91,25.32,88700
LMNX,09 Nov 2018,26.92,27.16,26.22,26.61,306800
LMRK,09 Nov 2018,12.6,12.71,12.43,12.62,129700
LMRKN,09 Nov 2018,22.29,22.29,22.1,22.1,1700
LMRKO,09 Nov 2018,23.2,23.2,22.99,22.99,1500
LMRKP,09 Nov 2018,23.65,23.68,23.58,23.66,2000
LMST,09 Nov 2018,15.31,15.31,15.15,15.15,300
LNDC,09 Nov 2018,14.05,14.43,14.05,14.31,76400
LNGR,09 Nov 2018,20.83,20.83,20.4,20.49,16200
LNTH,09 Nov 2018,15.74,15.74,14.95,14.96,179900
LOAC,09 Nov 2018,9.75,9.75,9.75,9.75,0
LOACR,09 Nov 2018,0.35,0.35,0.35,0.35,0
LOACU,09 Nov 2018,10.17,10.17,10.17,10.17,0
LOACW,09 Nov 2018,0.17,0.17,0.17,0.17,0
LOAN,09 Nov 2018,6.1,6.1,6,6.02,20600
LOB,09 Nov 2018,19.33,19.53,18.95,18.95,119800
LOCO,09 Nov 2018,16.08,16.65,15.81,16.58,423700
LOGC,09 Nov 2018,12.15,15.23,10.945,15.11,86300
LOGI,09 Nov 2018,36.83,36.88,36.36,36.72,189900
LOGM,09 Nov 2018,87.47,88.695,84.8,84.94,369100
LONE,09 Nov 2018,7.36,7.42,7.03,7.27,179100
LOOP,09 Nov 2018,8.25,8.4,8.15,8.255,43900
LOPE,09 Nov 2018,125,128.48,113,128.47,1721000
LORL,09 Nov 2018,45.1,45.31,44.05,45,36300
LOVE,09 Nov 2018,19.21,19.45,19.14,19.25,108500
LPCN,09 Nov 2018,1.63,1.64,1.59,1.6,166900
LPLA,09 Nov 2018,65.4,65.88,64.42,65.15,635700
LPSN,09 Nov 2018,22.03,22.666,20.5,21.055,1175600
LPTH,09 Nov 2018,1.88,1.95,1.835,1.85,146200
LPTX,09 Nov 2018,4.37,4.94,4.01,4.16,58300
LQDA,09 Nov 2018,18.48,19.9,18.1,19.08,24700
LQDT,09 Nov 2018,6.37,6.5,6.3,6.35,61000
LRCX,09 Nov 2018,149.57,150.86,146.89,147.85,1872100
LRGE,09 Nov 2018,32.05,32.05,32.05,32.05,200
LSBK,09 Nov 2018,15.07,15.07,15.07,15.07,2000
LSCC,09 Nov 2018,5.99,5.99,5.81,5.83,692800
LSTR,09 Nov 2018,103.33,104.06,101.9,102.71,570200
LSXMA,09 Nov 2018,40.28,41.01,40.22,40.63,385300
LSXMB,09 Nov 2018,40.75,40.75,40.75,40.75,0
LSXMK,09 Nov 2018,40.51,41.24,40.36,40.74,529100
LTBR,09 Nov 2018,0.91,0.93,0.89,0.92,182400
LTRPA,09 Nov 2018,19.5,19.66,18.56,18.75,807200
LTRPB,09 Nov 2018,20.125,20.125,19.12,19.12,1800
LTRX,09 Nov 2018,3.85,3.85,3.69,3.72,32900
LULU,09 Nov 2018,141.39,142,136.38,137.56,1693800
LUNA,09 Nov 2018,3.59,3.63,3.48,3.52,58100
LVHD,09 Nov 2018,30.89,31.03,30.86,31,37900
LWAY,09 Nov 2018,2.89,3.16,2.82,2.99,20700
LX,09 Nov 2018,9.61,9.87,9.41,9.68,186400
LXRX,09 Nov 2018,9.05,9.15,8.9,8.97,262500
LYL,09 Nov 2018,1.71,1.71,1.71,1.71,0
LYTS,09 Nov 2018,4.53,4.53,4.35,4.44,213000
MACK,09 Nov 2018,4.51,4.73,4.31,4.35,90100
MAGS,09 Nov 2018,5.34,5.34,5.31,5.31,1500
MANH,09 Nov 2018,49.22,49.89,48.88,49.8,468000
MANT,09 Nov 2018,60.76,61.69,59.61,60.42,180800
MAR,09 Nov 2018,116.65,117.62,116.18,117.04,1687400
MARA,09 Nov 2018,2.88,3,2.8,2.92,436800
MARK,09 Nov 2018,3.82,3.9,3.56,3.73,181700
MARPS,09 Nov 2018,2.99,3.08,2.9,3.07,3800
MASI,09 Nov 2018,118.92,119.03,115.27,115.49,628700
MAT,09 Nov 2018,13.87,14.01,13.45,13.55,3640600
MATW,09 Nov 2018,44.34,44.67,43.32,43.45,101100
MAYS,09 Nov 2018,39.2,40.05,38.69,38.69,2000
MBB,09 Nov 2018,101.78,102.01,101.78,101.92,743400
MBCN,09 Nov 2018,45.36,45.36,45.3,45.3,1200
MBII,09 Nov 2018,1.6,1.67,1.5,1.54,90600
MBIN,09 Nov 2018,23.4,23.4,22.41,22.96,25800
MBIO,09 Nov 2018,5.8,5.94,5.24,5.26,33400
MBOT,09 Nov 2018,4.48,4.57,4.2,4.43,97700
MBRX,09 Nov 2018,1.37,1.39,1.31,1.37,92500
MBSD,09 Nov 2018,22.71,22.72,22.63,22.71,3000
MBUU,09 Nov 2018,50,50,47.06,47.21,351000
MBWM,09 Nov 2018,32.75,32.75,32.005,32.38,21900
MCBC,09 Nov 2018,10.85,10.9,10.71,10.71,19700
MCEF,09 Nov 2018,17.13,17.13,17.13,17.13,500
MCEP,09 Nov 2018,1.2,1.22,1.13,1.16,112700
MCFT,09 Nov 2018,31.74,32.465,25.88,27.66,1278500
MCHI,09 Nov 2018,54.27,54.27,53.4,53.94,9213600
MCHP,09 Nov 2018,73.43,73.86,71.28,72.13,4358300
MCHX,09 Nov 2018,2.92,3,2.92,3,216400
MCRB,09 Nov 2018,8.82,8.88,8.03,8.4,155400
MCRI,09 Nov 2018,40.33,40.33,38.44,38.92,61400
MDB,09 Nov 2018,81.93,81.93,72,75.42,1671600
MDCA,09 Nov 2018,2.84,2.9,2.715,2.74,408800
MDCO,09 Nov 2018,23.91,24.27,23.23,23.79,970500
MDGL,09 Nov 2018,191.59,193.81,180.85,184.49,158700
MDGS,09 Nov 2018,3.13,3.2,3.1,3.2,13800
MDIV,09 Nov 2018,18.17,18.21,18.09,18.18,51400
MDLZ,09 Nov 2018,43.88,44.38,43.68,44.3,7150400
MDRX,09 Nov 2018,10.51,10.63,10.4,10.52,3056000
MDWD,09 Nov 2018,6.03,6.03,5.65,5.65,25200
MEDP,09 Nov 2018,58.32,59.32,57.31,58.74,629300
MEET,09 Nov 2018,4.1,4.13,3.835,3.86,1511200
MEIP,09 Nov 2018,3.36,3.36,3.11,3.28,221600
MELI,09 Nov 2018,326.93,328.93,318.44,325.69,427900
MEOH,09 Nov 2018,64.9,65.2,63.38,64.49,433100
MERC,09 Nov 2018,14.35,14.35,13.59,13.71,164300
MESA,09 Nov 2018,15,15.37,14.2,14.46,148800
MESO,09 Nov 2018,7.65,7.9,7.37,7.58,121800
METC,09 Nov 2018,6.04,6.34,5.75,5.96,250400
MFIN,09 Nov 2018,7.04,7.08,6.91,7.04,45000
MFINL,09 Nov 2018,25.59,25.59,25.59,25.59,0
MFNC,09 Nov 2018,15.66,15.89,15.66,15.89,400
MFSF,09 Nov 2018,35.36,35.36,35.02,35.02,3700
MGEE,09 Nov 2018,62.17,63.25,62.1,62.87,51100
MGEN,09 Nov 2018,4.06,4.14,3.91,3.91,100500
MGI,09 Nov 2018,4.54,4.54,2.23,2.27,4485400
MGIC,09 Nov 2018,8.75,8.885,8.65,8.7,240100
MGLN,09 Nov 2018,64.01,64.88,62.04,63.59,458300
MGNX,09 Nov 2018,18.1,18.25,17.06,17.36,599800
MGPI,09 Nov 2018,68.37,72.72,67.45,67.96,184300
MGRC,09 Nov 2018,53.66,54.24,52.78,53.4,86800
MGTA,09 Nov 2018,8.71,8.71,8.39,8.69,8200
MGTX,09 Nov 2018,13.24,13.3,12.8,12.93,15200
MGYR,09 Nov 2018,12.12,12.12,12.12,12.12,100
MHLD,09 Nov 2018,3.63,3.63,3.4,3.52,456200
MICT,09 Nov 2018,0.74,0.79,0.7,0.75,56000
MIDD,09 Nov 2018,116.71,118.56,114.61,117.69,1321100
MIK,09 Nov 2018,17.66,17.96,17.22,17.72,2027400
MILN,09 Nov 2018,22.25,22.25,21.84,21.98,46200
MIME,09 Nov 2018,36.9,36.98,34.575,35.77,1526800
MIND,09 Nov 2018,3.76,3.99,3.75,3.99,4800
MINDP,09 Nov 2018,23.4,23.4,22.75,22.75,200
MINI,09 Nov 2018,41.91,42.99,41.08,41.52,103300
MITK,09 Nov 2018,9.54,9.54,9.16,9.25,220100
MKGI,09 Nov 2018,1.4,1.4,1.35,1.35,7000
MKSI,09 Nov 2018,74.52,75.01,71.69,72.69,339700
MKTX,09 Nov 2018,206.12,209.095,205.175,208.48,146800
MLAB,09 Nov 2018,196.32,199.95,193.22,198.15,19600
MLCO,09 Nov 2018,15.81,16.07,15.59,15.6,4995300
MLHR,09 Nov 2018,33.9,34.12,33.32,33.66,338700
MLNT,09 Nov 2018,14.05,14.65,13.5,13.9,275300
MLNX,09 Nov 2018,92.35,93.77,91.6,93.37,887100
MLVF,09 Nov 2018,19.6,19.68,19.5,19.51,10800
MMAC,09 Nov 2018,26.25,26.25,26.25,26.25,100
MMLP,09 Nov 2018,12.25,12.58,12.18,12.52,205200
MMSI,09 Nov 2018,61.04,61.04,58.13,59.16,310200
MMYT,09 Nov 2018,24.55,24.55,23.18,23.51,252400
MNDO,09 Nov 2018,2.25,2.29,2.25,2.29,19900
MNKD,09 Nov 2018,1.8,1.84,1.77,1.83,1415200
MNLO,09 Nov 2018,7,7.47,6.945,7.35,85400
MNOV,09 Nov 2018,10.9,10.9,10.305,10.36,43400
MNRO,09 Nov 2018,75.28,75.74,74.34,74.49,219200
MNST,09 Nov 2018,54.96,57.13,54.3,56.84,5340900
MNTA,09 Nov 2018,13.99,14.205,12.98,13.115,392800
MNTX,09 Nov 2018,8.58,8.65,8.14,8.27,20800
MOBL,09 Nov 2018,4.96,5.045,4.95,5.02,352100
MOFG,09 Nov 2018,30.37,31.19,30.37,31,21300
MOGO,09 Nov 2018,2.64,2.8,2.64,2.76,1300
MOMO,09 Nov 2018,33.09,33.8,31.52,32.65,5603100
MOR,09 Nov 2018,30.31,30.31,29.64,30.06,16800
MORN,09 Nov 2018,124.42,126.3,123.55,124.67,116100
MOSY,09 Nov 2018,5,5.12,4.8,5.1,2900900
MOTS,09 Nov 2018,3.56,3.75,3.5,3.65,17500
MOXC,09 Nov 2018,3,3,2.85,2.95,19600
MPAA,09 Nov 2018,14.08,18.38,12.09,17.195,2204800
MPB,09 Nov 2018,26.43,26.67,26.26,26.45,5200
MPVD,09 Nov 2018,1.67,1.72,1.44,1.72,211600
MPWR,09 Nov 2018,127.21,127.53,123.67,124.72,335100
MRAM,09 Nov 2018,8,8,7.65,7.72,73400
MRBK,09 Nov 2018,16.85,16.85,16.85,16.85,0
MRCC,09 Nov 2018,11.6,11.66,11.4,11.49,232500
MRCCL,09 Nov 2018,24.52,24.7,24.52,24.7,2600
MRCY,09 Nov 2018,52.36,52.36,50.62,50.96,318700
MRIN,09 Nov 2018,2.52,2.52,2.41,2.51,700
MRKR,09 Nov 2018,7.5,7.67,6.91,7.17,131700
MRLN,09 Nov 2018,26.52,27.54,25.77,25.77,7900
MRNS,09 Nov 2018,5.34,5.37,5.17,5.31,441200
MRSN,09 Nov 2018,6.62,6.62,6,6.13,58100
MRTN,09 Nov 2018,20.17,20.26,19.65,19.79,144800
MRTX,09 Nov 2018,41.35,41.72,38.71,39.56,459000
MRUS,09 Nov 2018,14.78,15.25,13.75,13.75,16700
MRVL,09 Nov 2018,16.5,16.52,16.18,16.39,8858400
MSBF,09 Nov 2018,19.95,19.95,18.5,19.5,9000
MSBI,09 Nov 2018,26.66,27,26.32,26.57,36600
MSEX,09 Nov 2018,49.76,50.95,49.08,49.41,30600
MSFT,09 Nov 2018,110.85,111.45,108.76,109.57,32039200
MSON,09 Nov 2018,16,17.6,16,16.44,41500
MSTR,09 Nov 2018,128.12,128.66,126.54,128.28,87000
MSVB,09 Nov 2018,12.05,12.15,12.05,12.05,600
MTBC,09 Nov 2018,5.06,5.11,4.95,5.03,79100
MTBCP,09 Nov 2018,26.47,26.47,25.77,25.82,5300
MTCH,09 Nov 2018,43.05,43.5,41.48,42.71,4309100
MTEM,09 Nov 2018,5,5,4.505,4.59,58600
MTEX,09 Nov 2018,16.71,16.71,16.71,16.71,600
MTFB,09 Nov 2018,7.3,7.45,7.3,7.45,400
MTFBW,09 Nov 2018,2.1,2.1,2.1,2.1,0
MTLS,09 Nov 2018,14.41,14.43,14.09,14.15,53700
MTP,09 Nov 2018,3.8,3.85,3.6,3.8,37900
MTRX,09 Nov 2018,22.91,22.91,21.225,21.63,212200
MTSC,09 Nov 2018,49.01,49.17,48.07,48.52,51000
MTSI,09 Nov 2018,15.93,16.72,15.61,16.07,871100
MTSL,09 Nov 2018,1.8,1.88,1.71,1.8,264200
MU,09 Nov 2018,39.89,39.99,38.41,39.11,26102700
MUDS,09 Nov 2018,9.84,9.84,9.83,9.83,16400
MUDSU,09 Nov 2018,10.45,10.45,10.45,10.45,0
MUDSW,09 Nov 2018,0.59,0.59,0.59,0.59,0
MVBF,09 Nov 2018,18.56,18.76,18.05,18.05,4000
MVIS,09 Nov 2018,1.03,1.04,1.01,1.025,208400
MXIM,09 Nov 2018,52.58,53.165,51.49,52.09,5706000
MYFW,09 Nov 2018,12.11,12.95,12.05,12.6,12100
MYGN,09 Nov 2018,30.82,32.06,30.1,30.85,1369500
MYL,09 Nov 2018,36.92,37.06,36.43,36.95,4300400
MYOK,09 Nov 2018,60,61.56,56.49,57.93,220200
MYOS,09 Nov 2018,1.25,1.28,1.23,1.26,9900
MYRG,09 Nov 2018,33.67,33.67,32.25,32.55,70700
MYSZ,09 Nov 2018,1.09,1.15,1.09,1.13,213900
NAII,09 Nov 2018,9.45,10.02,9.26,9.45,7900
NAKD,09 Nov 2018,1.34,1.37,1.3,1.31,256600
NAOV,09 Nov 2018,4.15,4.15,4.15,4.15,300
NATH,09 Nov 2018,74.01,78.15,72.22,73.23,3900
NATI,09 Nov 2018,49.69,50.14,49.08,49.84,472300
NATR,09 Nov 2018,9.38,9.5,9.19,9.19,6800
NAVI,09 Nov 2018,12.57,12.7,12.52,12.62,1473500
NBEV,09 Nov 2018,3.65,3.84,3.45,3.6,18495200
NBIX,09 Nov 2018,107.36,108,102.295,105.41,744800
NBN,09 Nov 2018,18.67,18.96,18.67,18.82,8100
NBRV,09 Nov 2018,2.3,2.3,2.12,2.16,258600
NBTB,09 Nov 2018,38.53,38.84,37.505,37.74,75300
NCBS,09 Nov 2018,53.24,53.26,52.75,52.75,5800
NCMI,09 Nov 2018,7.6,7.69,7.305,7.5,737500
NCNA,09 Nov 2018,16.87,18.12,16,18.07,310700
NCSM,09 Nov 2018,7.05,7.87,7,7.7,773800
NCTY,09 Nov 2018,1.86,1.95,1.62,1.67,199900
NDAQ,09 Nov 2018,90.94,91.31,89.6,90.4,699000
NDLS,09 Nov 2018,9.79,9.79,9.32,9.57,434000
NDRA,09 Nov 2018,4.36,4.53,4.22,4.47,304300
NDRAW,09 Nov 2018,1.35,1.4,1.3,1.4,14400
NDSN,09 Nov 2018,129.26,130.06,126.46,128.22,180200
NEBU,09 Nov 2018,9.79,9.79,9.79,9.79,0
NEBUU,09 Nov 2018,10.11,10.11,10.11,10.11,0
NEBUW,09 Nov 2018,1.35,1.35,1.35,1.35,0
NEO,09 Nov 2018,17.54,17.94,16.74,16.97,1174600
NEOG,09 Nov 2018,64.79,64.79,63.03,63.86,136300
NEON,09 Nov 2018,2.44,2.44,2,2.2,38900
NEOS,09 Nov 2018,2.64,2.86,2.56,2.59,651700
NEPT,09 Nov 2018,3.7,3.73,3.47,3.5,786400
NERV,09 Nov 2018,10.09,10.28,9.54,9.55,190400
NESR,09 Nov 2018,10.36,10.76,9.96,10.53,28700
NESRW,09 Nov 2018,1.9,1.9,1.52,1.8,13200
NETE,09 Nov 2018,5.89,6.25,5.84,6.13,80700
NEWA,09 Nov 2018,9.21,9.48,8.66,8.75,34400
NEWT,09 Nov 2018,20.62,20.65,20.16,20.58,123500
NEWTI,09 Nov 2018,25.77,25.8,25.66,25.8,7800
NEXT,09 Nov 2018,4.88,5.1,4.88,5.06,11400
NFBK,09 Nov 2018,13.65,13.72,13.48,13.48,74000
NFLX,09 Nov 2018,311.07,312.98,298.01,303.47,13480700
NFTY,09 Nov 2018,33.26,33.26,33.26,33.26,0
NGHC,09 Nov 2018,27.47,28.23,27.47,28.07,430100
NGHCN,09 Nov 2018,24.135,24.144,24,24.122,8200
NGHCO,09 Nov 2018,24.27,24.27,24.03,24.22,1400
NGHCP,09 Nov 2018,24.74,24.74,24.55,24.55,2100
NGHCZ,09 Nov 2018,25.03,25.03,25,25.01,2500
NH,09 Nov 2018,1.56,1.63,1.44,1.44,56500
NHLD,09 Nov 2018,3.19,3.19,3.19,3.19,0
NHLDW,09 Nov 2018,0.65,0.65,0.65,0.65,0
NHTC,09 Nov 2018,23.8,23.95,23.26,23.35,23400
NICE,09 Nov 2018,108.7,113.72,108.7,113.52,209200
NICK,09 Nov 2018,11.62,11.66,11.4,11.4,1600
NIHD,09 Nov 2018,8.17,8.51,7.36,7.99,7528500
NIU,09 Nov 2018,9.1,9.1,8.65,8.71,218200
NK,09 Nov 2018,3.67,3.69,2.56,2.75,1916200
NKSH,09 Nov 2018,43.5,45.65,43,43,4300
NKTR,09 Nov 2018,35.26,36.24,33.5,34.02,2900800
NLNK,09 Nov 2018,2.12,2.16,2.01,2.08,279200
NMIH,09 Nov 2018,21.7,21.85,20.32,20.45,502700
NMRD,09 Nov 2018,2,2,1.89,1.95,45300
NMRK,09 Nov 2018,9.77,9.86,9.57,9.66,75100
NNBR,09 Nov 2018,8.41,8.44,7.74,7.785,1625000
NNDM,09 Nov 2018,2.15,2.15,2.05,2.13,64200
NODK,09 Nov 2018,15.28,15.7,15.28,15.35,21400
NOVN,09 Nov 2018,2.64,2.67,2.53,2.62,15500
NOVT,09 Nov 2018,77.32,77.45,74.91,75.32,144200
NRC,09 Nov 2018,38.015,39.82,38.015,38.61,16800
NRIM,09 Nov 2018,38.6,38.79,37.65,37.75,23100
NSEC,09 Nov 2018,12.68,12.68,12.68,12.68,0
NSIT,09 Nov 2018,44.91,46.62,44.91,46.54,337700
NSSC,09 Nov 2018,17.25,17.45,16.15,17.32,41200
NSTG,09 Nov 2018,15.82,18.42,15.82,15.96,462400
NSYS,09 Nov 2018,4.61,4.67,4.56,4.65,8000
NTAP,09 Nov 2018,82.34,82.56,80.96,81.66,2957900
NTCT,09 Nov 2018,28.06,28.28,27.39,27.58,654600
NTEC,09 Nov 2018,5.95,5.95,5.79,5.89,126400
NTES,09 Nov 2018,224,224.995,216.57,221.91,1450000
NTGN,09 Nov 2018,7.75,7.85,7.01,7.12,105000
NTGR,09 Nov 2018,55.85,55.85,54.4,54.91,156300
NTIC,09 Nov 2018,16.67,16.84,16.645,16.82,2700
NTLA,09 Nov 2018,19.34,19.38,18.14,18.78,602300
NTNX,09 Nov 2018,45.05,45.2,42.72,43.57,1926100
NTRA,09 Nov 2018,14.56,18.08,13.7,16.8,4391400
NTRP,09 Nov 2018,6.98,6.98,6.69,6.97,1300
NTRS,09 Nov 2018,98.72,98.91,97.35,97.94,692200
NTRSP,09 Nov 2018,25.32,25.41,25.32,25.4,5800
NTWK,09 Nov 2018,9.24,9.3,7.84,8.08,404000
NUAN,09 Nov 2018,17.58,17.58,17.27,17.49,1408200
NURO,09 Nov 2018,1.02,1.05,1,1.015,102100
NUROW,09 Nov 2018,0.07,0.07,0.07,0.07,100
NUVA,09 Nov 2018,58.84,59.165,57.55,57.93,441000
NVAX,09 Nov 2018,37.4,37.4,35.2,35.8,4061400
NVCN,09 Nov 2018,19.9,20,19.2,19.4,306100
NVCR,09 Nov 2018,34.01,34.01,32.03,33.16,638600
NVDA,09 Nov 2018,202.4,209.32,201.04,205.67,10331000
NVEC,09 Nov 2018,86.84,87.91,84.21,84.72,13900
NVEE,09 Nov 2018,89.22,89.35,86.01,86.21,101700
NVFY,09 Nov 2018,1.27,1.28,1.23,1.26,20800
NVIV,09 Nov 2018,2.08,2.1,1.96,1.99,142100
NVMI,09 Nov 2018,23.44,23.7,23.21,23.45,30800
NVTR,09 Nov 2018,18.97,19.03,18.04,18.38,133000
NVUS,09 Nov 2018,4.46,4.61,3.98,4.21,1300
NWBI,09 Nov 2018,17.18,17.33,16.96,17.21,780800
NWFL,09 Nov 2018,36.95,37,36.27,37,4700
NWLI,09 Nov 2018,288,289.095,283.09,284.48,3000
NWPX,09 Nov 2018,22.96,23.82,22.31,23.32,132900
NWS,09 Nov 2018,14.27,14.54,14.27,14.4,887500
NWSA,09 Nov 2018,14.1,14.38,14.01,14.24,3770500
NXGN,09 Nov 2018,15.84,16.01,15.44,15.66,211500
NXPI,09 Nov 2018,83.81,84.07,81.83,83.69,3508000
NXST,09 Nov 2018,81.42,82.38,80.37,81.01,866100
NXTD,09 Nov 2018,1.13,1.21,1.13,1.17,120200
NYMT,09 Nov 2018,6.05,6.1,6.02,6.09,2497200
NYMTN,09 Nov 2018,23.04,23.15,23.04,23.13,10200
NYMTO,09 Nov 2018,23.59,23.7,23.59,23.7,200
NYMTP,09 Nov 2018,23.51,23.51,23.51,23.51,200
NYMX,09 Nov 2018,2.2,2.2,2.05,2.05,65300
NYNY,09 Nov 2018,7.6,8.345,7.55,7.9,22400
OBAS,09 Nov 2018,8.51,8.51,8.51,8.51,0
OBCI,09 Nov 2018,3.91,3.935,3.8,3.935,12200
OBLN,09 Nov 2018,20.5,21.9,19.9,19.9,32300
OBNK,09 Nov 2018,37.37,37.84,36.885,37.45,70600
OBSV,09 Nov 2018,15.85,15.85,15.28,15.35,26500
OCC,09 Nov 2018,4.88,5.1,4.88,5.1,18900
OCCI,09 Nov 2018,18.15,18.15,18.15,18.15,500
OCFC,09 Nov 2018,26.18,26.35,25.54,25.61,127100
OCSI,09 Nov 2018,8.41,8.41,8.31,8.38,16200
OCSL,09 Nov 2018,4.63,4.69,4.63,4.69,164300
OCSLL,09 Nov 2018,24.35,24.35,24.35,24.35,900
OCUL,09 Nov 2018,5.6,5.64,5.24,5.56,337500
ODFL,09 Nov 2018,137.07,137.07,132.66,134.99,896100
ODP,09 Nov 2018,3.28,3.41,3.25,3.25,12638500
ODT,09 Nov 2018,17.53,17.92,16.42,17.36,41500
OESX,09 Nov 2018,0.88,0.88,0.87,0.88,10900
OFED,09 Nov 2018,25.49,25.49,25.49,25.49,200
OFIX,09 Nov 2018,62.49,62.49,61.26,61.68,120100
OFLX,09 Nov 2018,60,62.88,58.11,59.24,14900
OFS,09 Nov 2018,11.16,11.44,11.16,11.29,154500
OFSSL,09 Nov 2018,24.77,24.77,24.58,24.73,700
OFSSZ,09 Nov 2018,24.45,24.5,24.45,24.49,6500
OHAI,09 Nov 2018,1.37,1.44,1.37,1.44,2500
OIIM,09 Nov 2018,1.717,1.72,1.665,1.7,18100
OKTA,09 Nov 2018,60.31,60.475,57.57,59.28,1657300
OLBK,09 Nov 2018,29.84,30.85,29.84,30.21,40700
OLD,09 Nov 2018,27.03,27.03,26.96,26.99,1300
OLED,09 Nov 2018,99.14,99.875,96.34,97.7,654100
OLLI,09 Nov 2018,92.21,93.155,90.5,91.28,508700
OMAB,09 Nov 2018,39.94,41,38.4,39.69,178500
OMCL,09 Nov 2018,72.91,72.91,70.56,71.8,268200
OMER,09 Nov 2018,14.01,14.01,12.1,13.02,5656700
OMEX,09 Nov 2018,6.02,6.24,6.02,6.23,12600
ON,09 Nov 2018,18.1,18.33,17.695,17.88,6048900
ONB,09 Nov 2018,18.72,18.91,18.46,18.56,412800
ONCE,09 Nov 2018,45.27,46.03,42,42.76,666700
ONCS,09 Nov 2018,8.4,8.7,8.3,8.6,2247700
ONCY,09 Nov 2018,2.73,2.79,2.61,2.67,35300
ONEQ,09 Nov 2018,292.69,292.9,288.55,291,38500
ONTX,09 Nov 2018,5.77,5.89,5.56,5.74,26200
ONTXW,09 Nov 2018,0.1,0.1,0.1,0.1,0
ONVO,09 Nov 2018,1.18,1.18,1.13,1.14,506200
OPB,09 Nov 2018,20.61,20.89,20.225,20.68,204500
OPBK,09 Nov 2018,10.67,10.67,10.38,10.59,35200
OPES,09 Nov 2018,9.89,9.89,9.89,9.89,0
OPESU,09 Nov 2018,10.29,10.29,10.29,10.29,0
OPESW,09 Nov 2018,0.36,0.38,0.35,0.38,1200
OPGN,09 Nov 2018,26,26.7,25.2,26.6,75300
OPGNW,09 Nov 2018,0.13,0.13,0.13,0.13,0
OPHC,09 Nov 2018,5,5,4.91,4.95,1000
OPK,09 Nov 2018,3.46,3.47,3,3.09,7347400
OPNT,09 Nov 2018,16.83,17.02,15.815,16.9,29300
OPOF,09 Nov 2018,26.29,26.52,26.01,26.47,2200
OPRA,09 Nov 2018,7.37,7.37,6.67,6.9,920000
OPRX,09 Nov 2018,16.76,16.98,16.1,16.96,13200
OPTN,09 Nov 2018,11,11.05,10.6,10.87,121600
OPTT,09 Nov 2018,10.6,11.4,10.6,11.4,108100
ORBC,09 Nov 2018,10.24,10.24,9.75,10.04,570500
ORG,09 Nov 2018,31.01,31.01,29.08,29.1,6400
ORGS,09 Nov 2018,5.95,5.97,5.81,5.88,11700
ORIT,09 Nov 2018,15.35,15.41,14.98,15,301900
ORLY,09 Nov 2018,354.45,356.26,349.86,354.74,772900
ORMP,09 Nov 2018,4.26,4.26,4.2,4.25,4200
ORRF,09 Nov 2018,21.26,21.62,21.26,21.54,42000
ORTX,09 Nov 2018,14.55,14.7,14.03,14.6,125800
OSBC,09 Nov 2018,14.45,14.55,14.3,14.46,51000
OSBCP,09 Nov 2018,10.53,10.58,10.5,10.58,3600
OSIS,09 Nov 2018,74.85,74.85,73.78,74.52,168000
OSMT,09 Nov 2018,8.58,8.9,8.415,8.6,4100
OSN,09 Nov 2018,1.97,1.97,1.91,1.96,8300
OSPN,09 Nov 2018,16.8,16.8,16.24,16.32,205900
OSS,09 Nov 2018,3.08,3.25,2.81,3.01,39300
OSTK,09 Nov 2018,19.6,20.455,16.72,17.205,3124800
OSUR,09 Nov 2018,13.13,14.14,12.93,13.01,796700
OTEL,09 Nov 2018,17.45,17.55,16.85,17.3,10800
OTEX,09 Nov 2018,33.27,33.27,32.77,33.05,261400
OTIC,09 Nov 2018,2.48,2.5,2.45,2.48,36500
OTTR,09 Nov 2018,48.44,48.65,47.9,48.41,41100
OTTW,09 Nov 2018,13.46,13.46,13.46,13.46,0
OVBC,09 Nov 2018,39.5,39.5,38.12,38.3,5100
OVID,09 Nov 2018,5.86,5.86,5.15,5.15,24500
OVLY,09 Nov 2018,17,17.14,17,17,3600
OXBR,09 Nov 2018,1.1,1.14,1.1,1.14,2000
OXBRW,09 Nov 2018,0.02,0.02,0.02,0.02,0
OXFD,09 Nov 2018,15,16.4,15,15.81,113900
OXLC,09 Nov 2018,10.59,10.59,10.47,10.51,284300
OXLCM,09 Nov 2018,25.4,25.4,25.4,25.4,200
OXLCO,09 Nov 2018,25.31,25.34,25.31,25.34,3600
OXSQ,09 Nov 2018,6.8,6.83,6.75,6.79,116200
OXSQL,09 Nov 2018,25.18,25.39,25.15,25.39,2500
OZK,09 Nov 2018,27.07,27.25,26.1,26.45,1550000
PAAS,09 Nov 2018,14.12,14.59,13.97,14.54,2241800
PACB,09 Nov 2018,7.7,7.75,7.66,7.74,3835400
PACQ,09 Nov 2018,9.73,9.76,9.73,9.76,100300
PACQU,09 Nov 2018,10.42,10.42,10.42,10.42,0
PACQW,09 Nov 2018,1.29,1.29,1.29,1.29,0
PACW,09 Nov 2018,41.6,41.945,40.9,41.25,879200
PAHC,09 Nov 2018,38.65,39.1,36.82,37.1,136200
PANL,09 Nov 2018,3.47,3.48,3.31,3.42,37900
PATI,09 Nov 2018,20.55,21.05,20.55,20.7,1300
PATK,09 Nov 2018,44.72,44.72,42.84,43.75,307300
PAVM,09 Nov 2018,1.12,1.15,1.11,1.12,93600
PAVMW,09 Nov 2018,0.22,0.22,0.22,0.22,0
PAVMZ,09 Nov 2018,0.32,0.32,0.3,0.305,1800
PAYX,09 Nov 2018,68.67,69.19,68.29,69.02,1370100
PBBI,09 Nov 2018,11.17,11.17,11.17,11.17,300
PBCT,09 Nov 2018,15.85,15.975,15.6,15.7,2990400
PBCTP,09 Nov 2018,25.11,25.19,25.03,25.13,7200
PBHC,09 Nov 2018,15.3,15.3,15.27,15.3,1500
PBIP,09 Nov 2018,17.28,17.99,17.28,17.75,5500
PBPB,09 Nov 2018,10,11.18,10,10.86,1315900
PBYI,09 Nov 2018,22.7,23.6,22.59,23.37,1143100
PCAR,09 Nov 2018,59.36,59.89,58.19,58.36,1637700
PCB,09 Nov 2018,16.62,16.67,16.21,16.29,14900
PCH,09 Nov 2018,36.4,36.48,35.87,36.16,432300
PCOM,09 Nov 2018,12.33,12.36,11.975,12.14,35200
PCRX,09 Nov 2018,50.9,50.9,48.21,49.52,389300
PCSB,09 Nov 2018,19,19.42,18.84,19.28,30000
PCTI,09 Nov 2018,4.34,4.45,4.31,4.4,59600
PCTY,09 Nov 2018,62.26,63.76,61.23,63.61,488400
PCYG,09 Nov 2018,8.66,9.25,8.66,9.14,111100
PCYO,09 Nov 2018,10.97,11.17,10.92,10.96,24400
PDBC,09 Nov 2018,17.19,17.29,17.09,17.15,6826500
PDCE,09 Nov 2018,45.56,46.04,43.86,44.99,1494400
PDCO,09 Nov 2018,24.9,25.05,23.56,23.82,1598400
PDD,09 Nov 2018,18.95,19.18,18.01,18.31,4940300
PDEX,09 Nov 2018,11.2,12.5,11.15,12.075,174200
PDFS,09 Nov 2018,8.45,9.25,8.4,8.94,607200
PDLB,09 Nov 2018,14,14,13.8,13.85,24300
PDLI,09 Nov 2018,2.92,2.935,2.79,2.86,1184300
PDP,09 Nov 2018,54.18,54.18,53.4,53.85,103400
PEBK,09 Nov 2018,28.42,28.65,27.99,28.21,12800
PEBO,09 Nov 2018,34.92,35,34.33,34.54,34400
PEGA,09 Nov 2018,54.2,54.595,53.04,53.53,328600
PEGI,09 Nov 2018,20.5,20.64,20.21,20.55,1023800
PEIX,09 Nov 2018,1.75,1.8,1.7,1.74,160100
PENN,09 Nov 2018,21.39,21.83,20.56,20.92,4416600
PEP,09 Nov 2018,116.08,117.71,116.08,117.48,5026300
PERI,09 Nov 2018,2.92,2.98,2.92,2.98,9500
PESI,09 Nov 2018,3.67,3.67,3.25,3.25,19800
PETQ,09 Nov 2018,33.83,34.43,33.26,34.04,556300
PETS,09 Nov 2018,28.95,29.35,28.09,28.09,347400
PETZ,09 Nov 2018,1.28,1.34,1.2,1.22,53500
PEY,09 Nov 2018,17.68,17.755,17.615,17.69,70200
PEZ,09 Nov 2018,54,54,53.41,53.65,1600
PFBC,09 Nov 2018,53.06,54.99,52.28,52.55,30400
PFBI,09 Nov 2018,18.13,18.77,18.05,18.16,25800
PFF,09 Nov 2018,36.08,36.12,36.01,36.11,1634200
PFG,09 Nov 2018,49.32,49.97,48.67,49.3,2887500
PFI,09 Nov 2018,32.51,32.51,32.25,32.25,12700
PFIE,09 Nov 2018,2.54,2.54,2.41,2.45,102800
PFIN,09 Nov 2018,8.25,8.25,8.185,8.185,1500
PFIS,09 Nov 2018,42.5,43.12,41.96,42.07,5900
PFLT,09 Nov 2018,13.01,13.1,12.98,13.06,68200
PFM,09 Nov 2018,27.1,27.16,27.06,27.14,7400
PFMT,09 Nov 2018,1.53,1.55,1.5,1.53,19000
PFPT,09 Nov 2018,91.83,91.83,87.73,89.28,810200
PFSW,09 Nov 2018,7.77,7.77,6.65,6.75,44500
PGC,09 Nov 2018,27.97,28.14,27.38,27.95,88000
PGJ,09 Nov 2018,33.55,33.55,32.67,32.98,16500
PGNX,09 Nov 2018,5.72,5.72,5.33,5.41,743700
PHAS,09 Nov 2018,5,5.03,5,5.01,30000
PHO,09 Nov 2018,30.44,30.552,30.128,30.385,28800
PI,09 Nov 2018,21.84,21.93,21.23,21.8,214000
PICO,09 Nov 2018,11.02,11.16,10.88,10.91,54300
PID,09 Nov 2018,15.07,15.09,14.97,15.05,112800
PIE,09 Nov 2018,16.27,16.27,16.08,16.16,40700
PIH,09 Nov 2018,5.5,5.63,5.25,5.63,8400
PIHPP,09 Nov 2018,24.55,24.55,24.5,24.5,200
PINC,09 Nov 2018,41.1,41.78,41.02,41.37,1135200
PIO,09 Nov 2018,24.67,24.67,24.48,24.5,3200
PIRS,09 Nov 2018,3.85,3.85,3.48,3.56,610600
PIXY,09 Nov 2018,3.81,3.84,3.75,3.78,51600
PIZ,09 Nov 2018,24.75,24.81,24.61,24.71,15600
PKBK,09 Nov 2018,19.95,20.1,19.74,19.74,13200
PKOH,09 Nov 2018,38.39,38.39,36.77,36.79,28400
PKW,09 Nov 2018,59.83,60.1,59.26,59.53,84500
PLAB,09 Nov 2018,9.89,9.89,9.5,9.66,325700
PLAY,09 Nov 2018,60.41,60.53,57.8,58.65,914400
PLBC,09 Nov 2018,25.81,25.81,25.5,25.76,1300
PLCE,09 Nov 2018,145.52,147.585,143.76,146.9,397800
PLPC,09 Nov 2018,71.5,72.665,68.71,69.9,8600
PLSE,09 Nov 2018,13.71,14.11,12.35,12.51,94600
PLUG,09 Nov 2018,1.93,1.93,1.84,1.87,2940500
PLUS,09 Nov 2018,80.47,82.82,80,81.58,67600
PLW,09 Nov 2018,30.44,30.56,30.44,30.54,4700
PLXP,09 Nov 2018,3.8,3.9,3.8,3.85,1300
PLXS,09 Nov 2018,59.26,59.31,57.6,58.19,197300
PLYA,09 Nov 2018,8.71,9.15,8.5,8.59,282800
PMBC,09 Nov 2018,8.15,8.21,8.05,8.05,25900
PMD,09 Nov 2018,18.17,18.55,18.1,18.285,20000
PME,09 Nov 2018,2.59,2.7,2.49,2.67,52800
PMOM,09 Nov 2018,26.85,27.01,26.8,27.01,2200
PMTS,09 Nov 2018,2.86,2.9,2.71,2.9,20300
PNBK,09 Nov 2018,21.2,21.39,20.14,21.33,3400
PNFP,09 Nov 2018,53.8,54.27,52.81,53.25,223800
PNNT,09 Nov 2018,7.07,7.125,7.03,7.05,231100
PNQI,09 Nov 2018,121.07,121.07,118.23,119.35,27300
PNRG,09 Nov 2018,76,77.01,75.8,76,2000
PNRL,09 Nov 2018,7.48,7.48,7.48,7.48,0
PODD,09 Nov 2018,90.93,90.93,87.19,87.6,536400
POLA,09 Nov 2018,5.91,6.06,5.78,6,20200
POOL,09 Nov 2018,148.39,149.3,145.05,147.95,233100
POPE,09 Nov 2018,68.42,68.42,68.42,68.42,0
POWI,09 Nov 2018,57.75,58.15,57.27,57.75,190100
POWL,09 Nov 2018,32.41,33.07,31.97,32.51,29100
PPBI,09 Nov 2018,30.86,31.17,29.8,29.9,256900
PPC,09 Nov 2018,19.32,19.51,19.145,19.31,1130500
PPH,09 Nov 2018,62.76,63.1,62.51,62.94,90400
PPIH,09 Nov 2018,8.93,9,8.825,9,11000
PPSI,09 Nov 2018,5.5,5.5,5.5,5.5,25100
PRAA,09 Nov 2018,28.37,29.46,26.95,28.19,1689900
PRAH,09 Nov 2018,106.08,106.85,104.93,106.43,634400
PRCP,09 Nov 2018,7.94,8.06,7.8,7.95,11800
PRFT,09 Nov 2018,25.91,26.09,25.38,25.69,194800
PRFZ,09 Nov 2018,132.6,132.6,130.33,131.25,49000
PRGS,09 Nov 2018,32.77,32.86,32.34,32.78,150700
PRGX,09 Nov 2018,9.25,9.4,9.01,9.28,74500
PRIM,09 Nov 2018,23.99,24.16,21.006,24.055,185200
PRMW,09 Nov 2018,14.56,14.93,14.28,14.63,461700
PRN,09 Nov 2018,57.73,57.79,57.38,57.79,1700
PRNB,09 Nov 2018,24.21,24.93,23.65,23.7,111300
PROV,09 Nov 2018,17.65,17.65,17.31,17.425,3400
PRPH,09 Nov 2018,2.99,2.99,2.99,2.99,0
PRPL,09 Nov 2018,5.42,5.42,5.27,5.3,6900
PRPO,09 Nov 2018,4.2,4.5,4.2,4.2,339100
PRQR,09 Nov 2018,20.32,21.32,18.34,19.08,176600
PRSC,09 Nov 2018,74.41,75.61,69.98,71.1,44200
PRTA,09 Nov 2018,12.78,12.83,11.9,12.41,507000
PRTH,09 Nov 2018,10.12,10.12,10.12,10.12,0
PRTK,09 Nov 2018,7.69,7.71,6.97,7.45,723500
PRTO,09 Nov 2018,1.76,1.79,1.7,1.73,36900
PRTS,09 Nov 2018,1.18,1.19,1.13,1.16,125800
PRVB,09 Nov 2018,3.21,3.21,3.09,3.16,21000
PS,09 Nov 2018,22.2,22.2,20.62,21.23,620100
PSC,09 Nov 2018,32.43,32.43,31.76,32.01,8200
PSCC,09 Nov 2018,81.26,81.26,80.07,80.2,3300
PSCD,09 Nov 2018,63.56,63.56,62.34,62.71,3400
PSCE,09 Nov 2018,13.24,13.27,12.89,13.25,19000
PSCF,09 Nov 2018,55.34,55.47,54.66,55,5700
PSCH,09 Nov 2018,128.31,128.31,125.5,126.5,58700
PSCI,09 Nov 2018,66.23,66.63,65.13,65.13,3000
PSCM,09 Nov 2018,48.32,48.32,48.32,48.32,200
PSCT,09 Nov 2018,77.58,77.58,75.97,76.54,6600
PSCU,09 Nov 2018,56.66,56.87,55.9,56.3,3200
PSDO,09 Nov 2018,13.07,13.51,12.855,13.45,164700
PSEC,09 Nov 2018,7,7.06,6.98,7.02,2291300
PSET,09 Nov 2018,33.31,33.78,33.06,33.06,13200
PSL,09 Nov 2018,73.55,73.55,72.345,73.016,7100
PSMT,09 Nov 2018,69.35,69.71,67.99,68.97,127500
PSTI,09 Nov 2018,12.1,12.1,11.6,11.9,87900
PT,09 Nov 2018,11.75,11.75,11,11.7,1500
PTC,09 Nov 2018,86.77,87.165,83.9,85.01,947600
PTCT,09 Nov 2018,35.91,36.49,33.19,33.76,613900
PTE,09 Nov 2018,13,13.93,12.69,13.41,198700
PTEN,09 Nov 2018,16.16,16.44,15.605,16.13,2847800
PTF,09 Nov 2018,58.04,58.04,56.71,57.39,9900
PTGX,09 Nov 2018,9.2,9.85,9.02,9.7,115400
PTH,09 Nov 2018,85.2,85.2,81.96,82.91,26900
PTI,09 Nov 2018,7.05,7.2,6.85,7.02,660900
PTLA,09 Nov 2018,22.94,23.21,21.68,21.95,1935400
PTNR,09 Nov 2018,5.39,5.39,5.17,5.17,200
PTSI,09 Nov 2018,59.28,59.63,58.1,59.16,4500
PTVCA,09 Nov 2018,21.55,21.55,21.55,21.55,100
PTVCB,09 Nov 2018,22.95,23.01,22.7,22.84,13300
PUB,09 Nov 2018,33.76,33.76,32.75,33.1,9100
PUI,09 Nov 2018,29.46,29.7,29.46,29.66,4200
PULM,09 Nov 2018,4.3,4.3,4,4,366600
PVAC,09 Nov 2018,62.24,65.01,60.16,64.75,341500
PVAL,09 Nov 2018,24.44,24.44,24.44,24.44,0
PVBC,09 Nov 2018,26.35,27.4,24.94,25.4,9500
PWOD,09 Nov 2018,28.2,28.5333,27.7533,27.88,6600
PXI,09 Nov 2018,35.54,36.37,35.26,36.27,95900
PXLW,09 Nov 2018,4.24,4.27,4.14,4.21,141000
PXS,09 Nov 2018,1.8,2.38,1.74,2.22,3444900
PY,09 Nov 2018,31.87,31.94,31.81,31.87,3700
PYPL,09 Nov 2018,88.45,88.45,85.55,86.76,9105900
PYZ,09 Nov 2018,62.6,62.6,61.62,61.94,3100
PZZA,09 Nov 2018,55.28,55.7,54.1,55.21,765000
QABA,09 Nov 2018,49.89,50.21,49.45,49.72,37900
QADA,09 Nov 2018,43.31,43.58,42.7,42.9,36200
QADB,09 Nov 2018,31.1,32.05,31.1,31.34,3400
QAT,09 Nov 2018,18.76,18.76,18.62,18.68,3900
QBAK,09 Nov 2018,5.95,5.964,5.5,5.535,27700
QCLN,09 Nov 2018,19.34,19.34,19.07,19.25,18100
QCOM,09 Nov 2018,57.78,58.24,56.19,56.72,21745200
QCRH,09 Nov 2018,37.72,38,37.32,37.37,40100
QDEL,09 Nov 2018,68,68.1,65.43,66.06,246200
QIWI,09 Nov 2018,12.9,13,12.605,12.75,85000
QLYS,09 Nov 2018,76.2,77.18,73.14,74.53,281300
QNST,09 Nov 2018,17.4,17.51,16.71,17,1008800
QQEW,09 Nov 2018,60.18,60.18,59.2,59.55,19700
QQQ,09 Nov 2018,172.83,173.25,170.16,171.52,50602700
QQQX,09 Nov 2018,23.32,23.43,23.03,23.12,149100
QQXT,09 Nov 2018,50.002,50.128,49.935,50.128,3100
QRHC,09 Nov 2018,2.37,2.37,2.24,2.27,5400
QRTEA,09 Nov 2018,23.5,25.03,23.16,24.52,4983000
QRTEB,09 Nov 2018,23.17,23.17,23.17,23.17,0
QRVO,09 Nov 2018,68.87,69,66.2,68.15,2442200
QTEC,09 Nov 2018,73.97,73.97,72.56,73.23,1320500
QTNT,09 Nov 2018,6.55,6.66,6.42,6.5,78800
QTRH,09 Nov 2018,1.25,1.25,1.11,1.21,200500
QTRX,09 Nov 2018,16.67,17.15,16.5,16.76,71000
QTT,09 Nov 2018,5.85,6,5.81,5.96,250800
QUIK,09 Nov 2018,1.02,1.05,0.96,1.05,142300
QUMU,09 Nov 2018,2.52,2.64,2.5,2.6,43500
QURE,09 Nov 2018,26.98,27.12,25.1,25.72,242500
QYLD,09 Nov 2018,24.1,24.1,23.75,23.93,78600
RADA,09 Nov 2018,2.76,2.81,2.74,2.79,24600
RAIL,09 Nov 2018,10.42,10.63,9.83,10.31,134500
RAND,09 Nov 2018,2.59,2.59,2.59,2.59,0
RARE,09 Nov 2018,54.11,55.81,51.63,52.24,420700
RARX,09 Nov 2018,12.25,14.04,11.56,11.97,356600
RAVE,09 Nov 2018,1.41,1.41,1.31,1.34,6300
RAVN,09 Nov 2018,45.89,45.89,44.48,44.51,82200
RBB,09 Nov 2018,21.88,22.46,21.87,21.87,34600
RBBN,09 Nov 2018,6.9,7,6.71,6.75,320300
RBCAA,09 Nov 2018,45.82,46.68,45,45.32,9400
RBCN,09 Nov 2018,7.8,7.8,7.8,7.8,0
RBNC,09 Nov 2018,21.93,21.93,20.49,21.21,9900
RCII,09 Nov 2018,14.47,14.51,14.425,14.43,353500
RCKT,09 Nov 2018,17.24,17.68,16.49,17.06,93100
RCKY,09 Nov 2018,27.95,28.37,27.36,27.76,39100
RCM,09 Nov 2018,9.22,9.25,8.45,8.76,1092100
RCMT,09 Nov 2018,4.5,4.5,4.08,4.17,18700
RCON,09 Nov 2018,1.22,1.22,1.13,1.16,40000
RDCM,09 Nov 2018,9.03,9.33,8.51,8.73,80800
RDFN,09 Nov 2018,13.61,15.31,13.5,15.06,3650500
RDHL,09 Nov 2018,8.97,8.97,8.49,8.56,81300
RDI,09 Nov 2018,15.31,15.68,14.92,15,50900
RDIB,09 Nov 2018,27.14,27.14,24.78,24.78,1400
RDNT,09 Nov 2018,14.9,14.91,13.01,13.4,790700
RDUS,09 Nov 2018,17.44,17.44,15.67,15.7,876600
RDVT,09 Nov 2018,6.04,6.22,5.72,6.01,27700
RDVY,09 Nov 2018,30.36,30.37,30.01,30.2,121800
RDWR,09 Nov 2018,24.62,24.88,24.48,24.6,328000
RECN,09 Nov 2018,16.7,16.74,16.48,16.61,106000
REDU,09 Nov 2018,11,11.47,10.31,11.01,36600
REFR,09 Nov 2018,1.32,1.32,1.1,1.25,136900
REGI,09 Nov 2018,24.84,25.86,24.84,25.71,458900
REGN,09 Nov 2018,362.1,362.55,352.575,356.66,544000
RELL,09 Nov 2018,7.21,7.29,7.17,7.24,11200
RELV,09 Nov 2018,4.76,4.83,4.76,4.76,13600
REPH,09 Nov 2018,7.2,7.36,6.94,7.35,115600
REPL,09 Nov 2018,14.45,15.07,14.3,14.41,10900
RESN,09 Nov 2018,3.48,3.48,3.2,3.23,51700
RETA,09 Nov 2018,69.6,69.78,65.225,65.78,207000
RETO,09 Nov 2018,2.64,3.77,2.505,3.01,116200
RFAP,09 Nov 2018,52.4,52.4,52.08,52.16,2400
RFDI,09 Nov 2018,56.19,56.25,55.94,56.17,58700
RFEM,09 Nov 2018,57.28,57.28,56.84,57.2,18600
RFEU,09 Nov 2018,57.48,57.68,57.29,57.35,2900
RFIL,09 Nov 2018,7.97,8.55,7.84,8.5,101700
RGCO,09 Nov 2018,28.48,28.55,28.01,28.03,2900
RGEN,09 Nov 2018,68.95,69.23,67.67,67.74,428500
RGLD,09 Nov 2018,73.76,74.19,73.02,73.69,495900
RGLS,09 Nov 2018,1.71,1.73,1.57,1.65,154500
RGNX,09 Nov 2018,67.45,68.49,66.11,66.37,332600
RIBT,09 Nov 2018,2.92,2.92,2.66,2.75,83900
RICK,09 Nov 2018,25.94,26.585,25.94,26.33,52800
RIGL,09 Nov 2018,3.07,3.095,2.78,2.85,2646000
RILY,09 Nov 2018,19.04,19.05,18.29,18.3,53600
RILYG,09 Nov 2018,24.56,24.665,24.56,24.57,2300
RILYH,09 Nov 2018,25.5,25.5,25.42,25.47,2300
RILYI,09 Nov 2018,25.06,25.08,25,25.07,28400
RILYL,09 Nov 2018,25.6,25.6,25.4,25.56,10600
RILYZ,09 Nov 2018,25,25.01,24.98,24.98,5900
RING,09 Nov 2018,14.77,14.81,14.54,14.67,115300
RIOT,09 Nov 2018,2.62,2.66,2.52,2.56,253600
RIVE,09 Nov 2018,12.91,12.91,12.91,12.91,0
RKDA,09 Nov 2018,4.22,4.29,4.11,4.13,35200
RMBL,09 Nov 2018,6.15,6.46,5.855,5.96,128800
RMBS,09 Nov 2018,9.06,9.06,8.77,8.81,565000
RMCF,09 Nov 2018,8.27,8.4,8.01,8.12,36700
RMNI,09 Nov 2018,6.46,7.26,5.76,5.98,60400
RMR,09 Nov 2018,74.56,76.18,71.96,75.54,65100
RMTI,09 Nov 2018,4.04,4.42,3.64,4.38,485800
RNDB,09 Nov 2018,15.33,15.33,15.33,15.33,0
RNDM,09 Nov 2018,47.59,47.73,47.55,47.58,6000
RNDV,09 Nov 2018,21.54,21.54,21.5,21.5,300
RNEM,09 Nov 2018,48.06,48.06,47.72,47.77,2500
RNET,09 Nov 2018,19.15,19.15,16.37,17.83,61200
RNLC,09 Nov 2018,21.82,21.82,21.71,21.73,33600
RNMC,09 Nov 2018,21.18,21.21,21.08,21.21,10400
RNSC,09 Nov 2018,21.72,21.73,21.57,21.57,6300
RNST,09 Nov 2018,35.98,36.54,35.79,35.92,151500
RNWK,09 Nov 2018,2.28,2.35,2.22,2.33,30700
ROAD,09 Nov 2018,9.65,10.14,9.55,9.69,31500
ROBT,09 Nov 2018,29.13,29.14,28.78,29.04,10200
ROCK,09 Nov 2018,34.51,34.53,33.42,33.53,98500
ROIC,09 Nov 2018,17.97,18.14,17.86,17.93,710900
ROKU,09 Nov 2018,45.2,45.39,42.71,43.94,14422200
ROLL,09 Nov 2018,162.13,163.655,159.04,160.1,78800
ROSE,09 Nov 2018,4.47,4.7,4.03,4.48,208100
ROSEU,09 Nov 2018,6,6,6,6,0
ROSEW,09 Nov 2018,0.84,0.84,0.84,0.84,0
ROST,09 Nov 2018,103.39,103.51,101.87,102.76,2070000
RP,09 Nov 2018,52.65,52.65,49.85,51.03,1091500
RPD,09 Nov 2018,35,35.07,33.72,34.72,543200
RRGB,09 Nov 2018,34.9,35,34.1,34.58,169200
RRR,09 Nov 2018,24.98,25.93,23.11,23.78,2162300
RTIX,09 Nov 2018,4.84,4.85,4.59,4.63,49200
RTRX,09 Nov 2018,26.83,26.84,25.69,25.77,208500
RTTR,09 Nov 2018,0.87,0.97,0.87,0.92,66100
RUBY,09 Nov 2018,16.65,16.8,15.06,15.69,59700
RUN,09 Nov 2018,12.47,12.59,12.21,12.3,803700
RUSHA,09 Nov 2018,37.98,38.89,37.16,37.35,174800
RUSHB,09 Nov 2018,37.73,38.37,37.6,37.6,5000
RUTH,09 Nov 2018,27.88,28.07,27.31,27.57,246900
RVNC,09 Nov 2018,23.72,24.07,23.18,23.46,180700
RVSB,09 Nov 2018,8.51,8.57,8.31,8.55,56600
RWLK,09 Nov 2018,17.75,18.75,16.75,16.75,433700
RYAAY,09 Nov 2018,88.09,88.71,87.74,88.14,262900
RYTM,09 Nov 2018,30.26,32,28.53,29.35,114600
SABR,09 Nov 2018,25.4,25.63,24.99,25.57,1642300
SAEX,09 Nov 2018,5.36,5.43,4.86,4.9,123900
SAFM,09 Nov 2018,104.1,105.38,102.18,104.09,284400
SAFT,09 Nov 2018,88.25,88.25,86.61,86.79,28600
SAGE,09 Nov 2018,131.59,136.24,127.465,130.94,371000
SAIA,09 Nov 2018,65.26,65.26,63.47,63.71,144700
SAL,09 Nov 2018,38.31,38.31,38.31,38.31,0
SALM,09 Nov 2018,3.23,3.23,2.99,3.05,86400
SAMG,09 Nov 2018,14.13,14.92,14.13,14.83,24900
SANM,09 Nov 2018,25.94,26.17,25.225,25.43,305100
SANW,09 Nov 2018,3.05,3.05,3.03,3.03,5800
SASR,09 Nov 2018,36.33,36.62,36.02,36.21,50500
SATS,09 Nov 2018,30.1519,31.1025,28.2263,30.8263,3445500
SAUC,09 Nov 2018,1.31,1.36,1.28,1.28,12900
SBAC,09 Nov 2018,171.25,172.57,169.84,171.51,911200
SBBP,09 Nov 2018,5.84,5.87,5.58,5.82,130500
SBBX,09 Nov 2018,24.24,25.62,24.15,24.16,31200
SBCF,09 Nov 2018,26.79,26.79,25.99,26.34,185600
SBFG,09 Nov 2018,17.88,17.99,17.84,17.99,1700
SBFGP,09 Nov 2018,18.83,18.83,18.83,18.83,0
SBGI,09 Nov 2018,31.71,32.09,31.26,31.4,1303100
SBLK,09 Nov 2018,10.5,10.62,10.14,10.53,602000
SBLKZ,09 Nov 2018,25.15,25.245,25.11,25.11,6400
SBNY,09 Nov 2018,115.76,117.02,114.46,115.74,259600
SBPH,09 Nov 2018,11.84,12.03,10.99,11.18,70000
SBRA,09 Nov 2018,21.4,21.62,21.19,21.28,2300900
SBSI,09 Nov 2018,33.35,33.57,32.83,33.07,102300
SBT,09 Nov 2018,9.27,9.8,9.25,9.46,26800
SBUX,09 Nov 2018,68.49,68.96,68.08,68.6,8637200
SCHL,09 Nov 2018,46.59,47,45.92,46.32,98800
SCHN,09 Nov 2018,27.35,27.59,26.84,27.03,330400
SCKT,09 Nov 2018,1.988,1.99,1.92,1.935,14700
SCON,09 Nov 2018,1.95,2.005,1.9,1.97,38200
SCOR,09 Nov 2018,17.92,19.35,17.51,17.82,386000
SCPH,09 Nov 2018,4.8,4.8,4.66,4.7,14100
SCSC,09 Nov 2018,41.52,42.17,40.525,41.38,273700
SCVL,09 Nov 2018,40.75,41.06,38.95,39.77,212500
SCWX,09 Nov 2018,17.91,17.91,16.19,16.63,147900
SCYX,09 Nov 2018,1,1,0.94,0.95,91500
SCZ,09 Nov 2018,57.57,57.6,57.2,57.44,1203900
SDG,09 Nov 2018,55.72,55.85,55.62,55.76,2000
SDVY,09 Nov 2018,20.15,20.16,20.15,20.15,1300
SEAC,09 Nov 2018,1.59,1.7,1.59,1.7,168300
SECO,09 Nov 2018,9.36,9.38,9.08,9.12,57300
SEDG,09 Nov 2018,37.52,38.04,36.63,37.43,555600
SEED,09 Nov 2018,8.17,8.39,7.23,7.41,110700
SEIC,09 Nov 2018,55.15,55.46,54.31,54.77,413000
SELB,09 Nov 2018,5.64,5.74,5.31,5.51,347700
SELF,09 Nov 2018,4.01,4.09,4.01,4.09,2300
SENEA,09 Nov 2018,35.45,35.75,34.25,34.25,27600
SENEB,09 Nov 2018,34,34,34,34,0
SES,09 Nov 2018,1.36,1.62,1.31,1.51,12800
SESN,09 Nov 2018,1.9,1.94,1.74,1.79,1353100
SFBC,09 Nov 2018,35.71,35.71,35.71,35.71,500
SFBS,09 Nov 2018,37.03,37.84,36.56,37.03,156300
SFET,09 Nov 2018,7.5,7.5,7.5,7.5,0
SFIX,09 Nov 2018,26.67,26.945,25.51,26.26,1431700
SFM,09 Nov 2018,27.02,27.31,26.76,27.01,1453000
SFNC,09 Nov 2018,27.71,27.98,27.3,27.54,194800
SFST,09 Nov 2018,36.62,37.44,36.5,37.26,8700
SG,09 Nov 2018,16.75,16.75,16.2,16.2,700
SGA,09 Nov 2018,37.18,37.18,36.66,36.66,2400
SGBX,09 Nov 2018,4,4.01,3.9,3.9,11300
SGC,09 Nov 2018,18.99,19.21,18.66,18.85,14600
SGEN,09 Nov 2018,60.43,60.615,57.27,58.06,724400
SGH,09 Nov 2018,29.31,30.15,28.61,30.03,312600
SGLB,09 Nov 2018,1.84,1.94,1.78,1.88,60500
SGLBW,09 Nov 2018,0.43,0.45,0.43,0.45,1200
SGMA,09 Nov 2018,4.21,4.47,4.2,4.47,14100
SGMO,09 Nov 2018,12.3,12.52,11.02,11.155,5701000
SGMS,09 Nov 2018,26.1,26.65,22.15,22.18,3646800
SGOC,09 Nov 2018,1,1,1,1,1000
SGRP,09 Nov 2018,0.9,0.96,0.88,0.92,6600
SGRY,09 Nov 2018,14.6,15.03,14,14.24,435700
SHBI,09 Nov 2018,16.26,17,16.26,16.67,34700
SHEN,09 Nov 2018,42.12,44.82,42.12,44.67,409600
SHIP,09 Nov 2018,12.15,12.3,11.55,11.7,395500
SHIPW,09 Nov 2018,0.075,0.075,0.071,0.071,40000
SHLO,09 Nov 2018,8.24,8.28,7.82,7.9,32600
SHOO,09 Nov 2018,33.03,33.2,32.15,32.43,572100
SHSP,09 Nov 2018,13.73,13.73,13.14,13.24,16800
SHV,09 Nov 2018,110.32,110.32,110.31,110.31,4127200
SHY,09 Nov 2018,82.86,82.92,82.86,82.89,1229400
SIBN,09 Nov 2018,18.37,18.75,18.09,18.4,88100
SIC,09 Nov 2018,8.65,8.69,8.6,8.65,10100
SIEB,09 Nov 2018,13.26,13.26,13,13,13700
SIEN,09 Nov 2018,19.25,19.25,18.19,18.62,443200
SIFY,09 Nov 2018,1.35,1.35,1.26,1.29,110300
SIGA,09 Nov 2018,5.3,5.41,4.94,5.04,170000
SIGI,09 Nov 2018,65.34,65.855,64.62,64.7,141100
SILC,09 Nov 2018,41.85,42.63,39.81,40.92,75800
SIMO,09 Nov 2018,37.88,37.97,36.64,37.25,302600
SINA,09 Nov 2018,63.25,63.25,60.69,61.82,618100
SINO,09 Nov 2018,1.25,1.32,1.21,1.28,313700
SINT,09 Nov 2018,8.1,9.15,7.8,8.16,316300
SIRI,09 Nov 2018,6.17,6.24,6.14,6.21,19573200
SITO,09 Nov 2018,1.46,1.46,1.36,1.45,47600
SIVB,09 Nov 2018,249.75,250.85,242.93,247.36,532800
SKOR,09 Nov 2018,48.55,48.59,48.46,48.59,12100
SKYS,09 Nov 2018,0.59,0.62,0.57,0.57,17600
SKYW,09 Nov 2018,57.76,58.14,56.03,56.6,182500
SKYY,09 Nov 2018,53.29,53.31,52.28,52.65,354800
SLAB,09 Nov 2018,85.88,86.03,84.29,84.37,276000
SLCT,09 Nov 2018,12.34,12.34,12.05,12.09,25300
SLDB,09 Nov 2018,32.01,32.44,30.01,30.34,152900
SLGL,09 Nov 2018,7.17,7.18,7.01,7.01,1000
SLGN,09 Nov 2018,24.83,25.16,24.43,24.63,270000
SLIM,09 Nov 2018,35.46,35.5,35.41,35.43,1500
SLM,09 Nov 2018,10.54,10.625,10.39,10.49,2939900
SLMBP,09 Nov 2018,67.4,67.68,67.35,67.68,1400
SLNO,09 Nov 2018,2.19,2.19,2.05,2.18,7100
SLNOW,09 Nov 2018,0.13,0.13,0.13,0.13,0
SLP,09 Nov 2018,20.83,21.06,20.56,20.71,31500
SLQD,09 Nov 2018,49.33,49.36,49.32,49.35,110900
SLRC,09 Nov 2018,21.06,21.11,20.94,21,48200
SLS,09 Nov 2018,2.26,2.46,1.82,1.84,13195900
SLVO,09 Nov 2018,6.55,6.69,6.44,6.5,3900
SMBC,09 Nov 2018,33.61,35.74,33.43,33.63,6700
SMBK,09 Nov 2018,20.65,21.33,20.65,21.1,11000
SMCP,09 Nov 2018,24.4,24.4,23.79,23.84,900
SMED,09 Nov 2018,4,4,3.82,3.97,6900
SMIT,09 Nov 2018,2.6,2.71,2.6,2.71,4200
SMMF,09 Nov 2018,21.26,21.26,20.59,20.73,10300
SMMT,09 Nov 2018,1.5,1.52,1.45,1.5,28900
SMPL,09 Nov 2018,19.94,19.99,19.52,19.82,324000
SMRT,09 Nov 2018,2.06,2.14,2.01,2.01,180500
SMSI,09 Nov 2018,2.19,2.25,2.12,2.13,85200
SMTC,09 Nov 2018,48.08,48.4,46.45,46.73,381200
SMTX,09 Nov 2018,4.03,4.15,3.5,3.68,60400
SNBR,09 Nov 2018,40,41.05,39.02,39.36,453000
SNCR,09 Nov 2018,6.17,6.21,6.1,6.17,266800
SND,09 Nov 2018,3.24,3.3,3.105,3.25,584500
SNDE,09 Nov 2018,5.94,5.94,5.51,5.7,5000
SNDX,09 Nov 2018,5.51,5.55,5.14,5.42,285100
SNES,09 Nov 2018,0.88,0.885,0.84,0.868,244000
SNFCA,09 Nov 2018,5.89,5.9,5.8,5.805,1400
SNGX,09 Nov 2018,1.17,1.21,1.01,1.1,140100
SNGXW,09 Nov 2018,0.28,0.28,0.28,0.28,0
SNH,09 Nov 2018,16.28,16.41,16.145,16.27,1273200
SNHNI,09 Nov 2018,22.31,22.41,22.23,22.34,16300
SNHNL,09 Nov 2018,25.3,25.3,25.1,25.29,5700
SNLN,09 Nov 2018,18.08,18.11,18.07,18.07,95100
SNNA,09 Nov 2018,10.43,10.43,9.86,10.05,26500
SNOA,09 Nov 2018,12.6,12.6,10.305,10.44,135800
SNOAW,09 Nov 2018,0.03,0.04,0.03,0.04,9400
SNPS,09 Nov 2018,93.86,94.44,92.5,93.35,787300
SNSR,09 Nov 2018,18.5,18.5,18.22,18.28,31600
SNSS,09 Nov 2018,1.4,1.41,1.33,1.39,118700
SOCL,09 Nov 2018,28.79,28.79,28.28,28.62,37100
SOHO,09 Nov 2018,6.73,6.77,6.65,6.69,28700
SOHOB,09 Nov 2018,24.75,24.75,24.58,24.58,400
SOHOO,09 Nov 2018,24.7,24.7,24.7,24.7,100
SOHU,09 Nov 2018,19.04,19.19,18.55,18.67,326400
SOLO,09 Nov 2018,1.85,1.93,1.75,1.92,449400
SOLOW,09 Nov 2018,0.5,0.57,0.5,0.57,54500
SONA,09 Nov 2018,15.69,15.72,15.39,15.45,26100
SONO,09 Nov 2018,13.9,14.54,13.42,14.31,518700
SORL,09 Nov 2018,3.83,3.93,3.83,3.93,15100
SOXX,09 Nov 2018,167.97,168.125,165.21,166.66,563400
SP,09 Nov 2018,32,32.83,31.13,31.81,53100
SPAR,09 Nov 2018,8.2,8.73,8.04,8.42,298300
SPCB,09 Nov 2018,1.65,1.7,1.64,1.7,21200
SPEX,09 Nov 2018,3.6975,3.9313,3.6975,3.842,17500
SPHS,09 Nov 2018,2.11,2.12,2.01,2.05,123400
SPI,09 Nov 2018,0.289,0.289,0.265,0.27,129300
SPKE,09 Nov 2018,9.1,9.48,8.85,9.22,179800
SPKEP,09 Nov 2018,22.8,23.365,22.4,23.18,16200
SPLK,09 Nov 2018,100.46,101.72,95.75,98.54,1863900
SPNE,09 Nov 2018,17.76,17.92,16.71,17.35,111300
SPNS,09 Nov 2018,11.59,11.66,11.35,11.53,47000
SPOK,09 Nov 2018,15.04,15.04,14.51,14.7,52700
SPPI,09 Nov 2018,12.84,13.61,12.36,13.46,1440000
SPRO,09 Nov 2018,9.54,9.54,8.39,8.57,57400
SPRT,09 Nov 2018,2.86,2.88,2.79,2.79,10200
SPSC,09 Nov 2018,95.49,98.2,93.92,96.41,423800
SPTN,09 Nov 2018,20.85,20.85,16.1,16.59,673700
SPWH,09 Nov 2018,5.08,5.09,4.83,5,338600
SPWR,09 Nov 2018,6.15,6.36,6.1,6.25,1193700
SQBG,09 Nov 2018,1.09,1.14,1.065,1.1,571400
SQLV,09 Nov 2018,28.35,28.35,28.13,28.13,2700
SQQQ,09 Nov 2018,52.16,54.48,51.76,53.2,41460300
SRAX,09 Nov 2018,2.54,2.6,2.49,2.54,80900
SRCE,09 Nov 2018,49.17,49.17,47.11,47.52,46700
SRCL,09 Nov 2018,47.49,47.88,46.74,47.66,1229500
SRDX,09 Nov 2018,66.14,66.14,62.07,64,150300
SRET,09 Nov 2018,14.9,14.95,14.87,14.94,36000
SREV,09 Nov 2018,1.48,1.48,1.42,1.45,1055600
SRNE,09 Nov 2018,3.98,3.98,3.61,3.67,1305900
SRPT,09 Nov 2018,127,129.16,123.07,125.46,3118100
SRRA,09 Nov 2018,1.66,1.67,1.59,1.66,743700
SRRK,09 Nov 2018,25.38,25.99,24.05,24.99,32500
SRTS,09 Nov 2018,6.47,6.67,6.3,6.61,51200
SRTSW,09 Nov 2018,1.17,1.17,1.17,1.17,600
SSB,09 Nov 2018,70.31,70.58,69,69.35,103300
SSBI,09 Nov 2018,13.94,13.94,13,13.42,8800
SSKN,09 Nov 2018,2.77,3.08,2.74,2.86,152800
SSNC,09 Nov 2018,51.5,51.76,49.44,49.94,1001300
SSNT,09 Nov 2018,3.15,3.15,3.15,3.15,0
SSP,09 Nov 2018,18.38,18.44,16.45,16.85,1634300
SSRM,09 Nov 2018,9.77,10.48,9.65,10.42,1395100
SSTI,09 Nov 2018,41.36,41.38,39.5,40.63,91700
SSYS,09 Nov 2018,24.32,24.32,23.44,23.76,417800
STAA,09 Nov 2018,49.84,49.84,45.28,47,811600
STAF,09 Nov 2018,1.97,1.97,1.82,1.86,27100
STAY,09 Nov 2018,18.47,18.69,18.28,18.48,919600
STBA,09 Nov 2018,41.18,41.28,40.7,41.11,156800
STCN,09 Nov 2018,1.78,1.8,1.75,1.79,30500
STFC,09 Nov 2018,33.21,33.59,32.72,33,30500
STIM,09 Nov 2018,25.21,25.97,24.38,24.75,78700
STKL,09 Nov 2018,5.34,5.42,5,5.24,840100
STKS,09 Nov 2018,3.08,3.13,3,3,3500
STLD,09 Nov 2018,40.75,41.02,39.98,40.28,1629200
STML,09 Nov 2018,14.01,15.03,12.6,13.2,359300
STMP,09 Nov 2018,168.36,171.58,164.31,167.18,421200
STND,09 Nov 2018,28.77,28.77,28.77,28.77,300
STNE,09 Nov 2018,28.55,28.59,27,27.37,2457000
STNL,09 Nov 2018,10.03,10.03,10.03,10.03,300
STNLU,09 Nov 2018,10.35,10.35,10.35,10.35,0
STNLW,09 Nov 2018,1.02,1.02,1.02,1.02,0
STRA,09 Nov 2018,141.39,148.26,133.78,140.33,232100
STRL,09 Nov 2018,13.02,13.12,12.73,13.01,170800
STRM,09 Nov 2018,0.92,0.92,0.86,0.9,21700
STRO,09 Nov 2018,14.13,14.33,13.225,13.41,48700
STRS,09 Nov 2018,29.15,29.5,28.15,28.29,7100
STRT,09 Nov 2018,33.01,33.01,32.83,32.83,1400
STX,09 Nov 2018,44.92,44.92,42.34,43.03,7537300
STXB,09 Nov 2018,18.6,18.875,18.6,18.7,5500
SUMR,09 Nov 2018,1.13,1.13,0.97,1.06,154600
SUNS,09 Nov 2018,16.5,16.55,16.42,16.52,28800
SUNW,09 Nov 2018,3.43,3.5,3.15,3.29,176500
SUPN,09 Nov 2018,45.46,45.82,44.88,45.27,418400
SURF,09 Nov 2018,8.53,8.53,7.8,8.23,141100
SUSB,09 Nov 2018,24.39,24.4,24.33,24.33,8000
SUSC,09 Nov 2018,23.68,23.8,23.67,23.745,6400
SVBI,09 Nov 2018,8.4,8.44,8.08,8.41,5600
SVMK,09 Nov 2018,11.26,11.374,10.545,10.77,407600
SVRA,09 Nov 2018,10.73,11.29,10.73,10.88,353300
SVVC,09 Nov 2018,12.78,12.88,12.44,12.45,7700
SWIR,09 Nov 2018,16.87,17.3,15.85,16.02,2113600
SWKS,09 Nov 2018,77.43,79.89,75.15,76.66,8461400
SYBT,09 Nov 2018,32.04,33.03,31.6,31.82,80900
SYBX,09 Nov 2018,7.95,8.12,7.45,7.99,152500
SYKE,09 Nov 2018,28.27,28.83,28.055,28.55,166700
SYNA,09 Nov 2018,35.3,38.22,35.3,36.91,2468900
SYNC,09 Nov 2018,1.7,1.7,1.47,1.59,410200
SYNH,09 Nov 2018,50.99,51.34,44.5,51,656300
SYNL,09 Nov 2018,17.21,17.59,17,17.09,15600
SYPR,09 Nov 2018,1.3,1.35,1.26,1.35,59300
SYRS,09 Nov 2018,7.74,7.75,7.24,7.36,107200
TA,09 Nov 2018,4.45,4.495,4.2,4.28,166600
TACO,09 Nov 2018,11.57,11.77,11.35,11.75,584300
TACOW,09 Nov 2018,2.29,2.3,2.29,2.3,300
TACT,09 Nov 2018,12.72,13.08,12.21,12.37,48000
TAIT,09 Nov 2018,1.865,1.87,1.839,1.839,16300
TANH,09 Nov 2018,1.81,1.89,1.75,1.79,268900
TANNI,09 Nov 2018,24.65,24.68,24.08,24.53,14200
TANNL,09 Nov 2018,24.645,24.73,24.552,24.56,8900
TANNZ,09 Nov 2018,23.9,24.27,23.9,24.095,7300
TAOP,09 Nov 2018,1.32,1.39,1.31,1.37,118400
TAST,09 Nov 2018,11.46,11.605,11.245,11.3,201000
TATT,09 Nov 2018,6.7,7.2,6.7,7,1600
TAYD,09 Nov 2018,12,12,12,12,100
TBBK,09 Nov 2018,10.64,10.75,10.41,10.52,125800
TBIO,09 Nov 2018,6.46,6.94,6.45,6.5,56100
TBK,09 Nov 2018,37.69,37.88,37.14,37.54,79300
TBLTU,09 Nov 2018,4.9,4.98,4.75,4.82,128800
TBNK,09 Nov 2018,27.36,27.69,27.36,27.6,8800
TBPH,09 Nov 2018,24.37,26.6,23.94,25.81,463600
TCBI,09 Nov 2018,63.19,64.17,62.5,62.82,569800
TCBIL,09 Nov 2018,25.26,25.31,25.21,25.21,3800
TCBIP,09 Nov 2018,25.16,25.175,25.121,25.17,3400
TCBK,09 Nov 2018,36.88,36.975,36.39,36.59,31700
TCCO,09 Nov 2018,3.78,3.839,3.765,3.8,11400
TCDA,09 Nov 2018,28.17,30.4,28.17,29.72,102200
TCFC,09 Nov 2018,30.8,31.19,30.61,30.61,4000
TCMD,09 Nov 2018,61.01,62.98,60.62,62.64,177700
TCON,09 Nov 2018,1.5,1.6,1.42,1.43,107200
TCPC,09 Nov 2018,14.14,14.31,14.08,14.15,510500
TCRD,09 Nov 2018,7.17,7.35,7.17,7.25,269300
TCX,09 Nov 2018,58.75,58.75,55.52,56.5,196800
TDAC,09 Nov 2018,9.88,9.89,9.88,9.89,633000
TDACU,09 Nov 2018,10.1,10.1,10.1,10.1,0
TDACW,09 Nov 2018,0.28,0.28,0.28,0.28,0
TDIV,09 Nov 2018,36.31,36.33,35.72,35.96,415800
TEAM,09 Nov 2018,75.02,75.46,71.91,73.29,684300
TECD,09 Nov 2018,75.37,75.645,73.8,75.12,349900
TECH,09 Nov 2018,171.83,172.69,169.77,170.8,347600
TEDU,09 Nov 2018,9.11,9.14,8.89,9.1,71100
TELL,09 Nov 2018,7.8,7.8,7.25,7.6,2009300
TENB,09 Nov 2018,31.32,31.42,28.54,29.21,260600
TENX,09 Nov 2018,4.26,4.27,4,4.2,18700
TERP,09 Nov 2018,11.06,11.27,10.63,11.065,1123900
TESS,09 Nov 2018,11.97,11.97,11.42,11.86,10400
TEUM,09 Nov 2018,2.25,2.36,2.12,2.22,1108400
TFSL,09 Nov 2018,15.39,15.51,15.26,15.39,143100
TGA,09 Nov 2018,2.21,2.21,2.09,2.17,167900
TGEN,09 Nov 2018,3.7,3.7,3.66,3.69,9700
TGLS,09 Nov 2018,8.64,8.98,8.64,8.98,25100
TGTX,09 Nov 2018,5.45,5.65,5.2,5.54,1808600
THFF,09 Nov 2018,47.8,47.8,47.06,47.26,8400
THRM,09 Nov 2018,44.52,44.52,42.16,43.53,163100
TIBR,09 Nov 2018,9.65,9.65,9.65,9.65,0
TIBRU,09 Nov 2018,10.15,10.15,10.15,10.15,0
TIBRW,09 Nov 2018,0.53,0.53,0.53,0.53,0
TILE,09 Nov 2018,16.96,17.02,16.74,16.93,410700
TIPT,09 Nov 2018,5.76,5.82,5.65,5.75,24500
TITN,09 Nov 2018,14.81,15.02,14.46,14.6,75100
TIVO,09 Nov 2018,10.51,11.14,10.455,11.07,2413400
TKKS,09 Nov 2018,9.55,9.55,9.55,9.55,0
TKKSR,09 Nov 2018,0.39,0.39,0.39,0.39,0
TKKSU,09 Nov 2018,10.1,10.1,10.1,10.1,1100
TKKSW,09 Nov 2018,0.2,0.2,0.2,0.2,0
TLF,09 Nov 2018,7.19,7.22,7.19,7.2,8700
TLGT,09 Nov 2018,3.42,3.43,3.23,3.25,120900
TLND,09 Nov 2018,45.31,45.31,39.9,41.52,1220200
TLRY,09 Nov 2018,114.72,119.59,105.28,108.99,3003700
TLT,09 Nov 2018,112.75,113.5,112.72,113.35,6465300
TMCX,09 Nov 2018,9.86,9.92,9.86,9.89,81500
TMCXU,09 Nov 2018,10.24,10.25,10.24,10.25,3800
TMCXW,09 Nov 2018,0.36,0.37,0.36,0.37,562500
TMDI,09 Nov 2018,1.94,1.98,1.9,1.98,65600
TMSR,09 Nov 2018,2.76,2.76,2.76,2.76,0
TMUS,09 Nov 2018,69.42,69.7,67.98,68.68,2263600
TNAV,09 Nov 2018,4.55,4.92,4.08,4.14,118900
TNDM,09 Nov 2018,38.33,39.08,37,37.19,1062700
TNXP,09 Nov 2018,6.5,6.5,5.8,5.8,792900
TOCA,09 Nov 2018,12.9,13.5,12.01,13.08,184400
TOPS,09 Nov 2018,28.8,32.6,28.4,32.4,2068100
TORC,09 Nov 2018,12.06,12.07,10.91,11.36,51300
TOTA,09 Nov 2018,9.75,9.75,9.75,9.75,500
TOUR,09 Nov 2018,5.9,5.91,5.7,5.71,41200
TOWN,09 Nov 2018,28.31,28.48,27.5,28,110200
TPCO,09 Nov 2018,16.46,16.46,15.135,16.31,220400
TPIC,09 Nov 2018,25.28,25.71,24.29,25.59,303700
TQQQ,09 Nov 2018,54.92,55.28,52.29,53.62,17092400
TRCB,09 Nov 2018,15.11,15.49,15.1,15.11,2500
TRCH,09 Nov 2018,0.8,0.81,0.72,0.74,199600
TREE,09 Nov 2018,246.82,246.95,236.02,245.15,294300
TRHC,09 Nov 2018,73.06,74.49,70.55,72.96,289900
TRIB,09 Nov 2018,3.185,3.255,2.96,3.24,77900
TRIL,09 Nov 2018,3.34,3.4,3.25,3.34,19100
TRIP,09 Nov 2018,63.92,65.545,62.79,63.3,6091400
TRMB,09 Nov 2018,37.51,37.62,36.34,36.81,1452600
TRMD,09 Nov 2018,6.61,6.65,6.61,6.65,700
TRMK,09 Nov 2018,31.42,31.74,30.98,31.22,295300
TRMT,09 Nov 2018,11.95,11.95,11.555,11.555,2200
TRNS,09 Nov 2018,21.74,23.98,21.35,22.31,6300
TROV,09 Nov 2018,4.98,4.98,4.5,4.74,291600
TROW,09 Nov 2018,99.77,99.77,97.4,98.48,1681500
TRPX,09 Nov 2018,8.23,8.3,8.02,8.18,66900
TRS,09 Nov 2018,30.03,30.22,26.91,29.9,83200
TRST,09 Nov 2018,7.97,7.98,7.79,7.85,181300
TRUE,09 Nov 2018,9.89,10.13,9.51,10.05,991500
TRUP,09 Nov 2018,26.65,29.2,25.89,27.79,1302600
TRVG,09 Nov 2018,7.14,7.2,6.86,7,389900
TRVN,09 Nov 2018,0.628,0.665,0.621,0.655,1966400
TSBK,09 Nov 2018,29.97,29.98,29.11,29.11,4400
TSC,09 Nov 2018,25.88,26.01,25.45,25.6,55800
TSCAP,09 Nov 2018,25.829,25.965,25.829,25.965,2200
TSCO,09 Nov 2018,96.35,97.65,96.27,97.13,1358400
TSEM,09 Nov 2018,15.3,15.34,14.95,15.3,258800
TSG,09 Nov 2018,17.94,18,17.07,17.31,4087800
TSLA,09 Nov 2018,349,354,345.23,350.51,5098800
TSRI,09 Nov 2018,4.95,4.95,4.95,4.95,0
TTD,09 Nov 2018,111.32,130.96,110.2,122.57,5933100
TTEC,09 Nov 2018,27,28.65,27,28.57,80300
TTEK,09 Nov 2018,71.76,72.265,68.6,68.79,334600
TTGT,09 Nov 2018,16.33,16.86,16.06,16.6,770800
TTMI,09 Nov 2018,12.34,12.359,11.865,12.17,954800
TTNP,09 Nov 2018,2.37,2.55,2.322,2.406,5285300
TTOO,09 Nov 2018,5.05,5.09,4.945,5.08,638100
TTPH,09 Nov 2018,45,45.2,42.4,43.4,808300
TTS,09 Nov 2018,6.43,6.5,6.28,6.33,258300
TTTN,09 Nov 2018,24.27,24.31,24,24.05,28000
TTWO,09 Nov 2018,115.64,116.39,109.34,113.05,6327700
TUES,09 Nov 2018,2.98,3.03,2.91,2.94,74000
TUR,09 Nov 2018,24.41,24.49,24.075,24.29,892900
TURN,09 Nov 2018,2.021,2.065,2.01,2.06,28600
TUSA,09 Nov 2018,33.44,33.44,33.21,33.385,6100
TUSK,09 Nov 2018,26.44,26.58,25.63,26.19,220300
TVIX,09 Nov 2018,37.24,39.99,36.7,38.02,13449400
TVTY,09 Nov 2018,38.89,38.89,37.5,37.98,352900
TWIN,09 Nov 2018,19.34,19.34,18.4,18.93,24700
TWMC,09 Nov 2018,26,28,23,23.6,27400
TWNK,09 Nov 2018,11,11.295,10.93,11.21,603800
TWNKW,09 Nov 2018,1.01,1.04,1,1.03,41200
TWOU,09 Nov 2018,54.51,55.49,53.3,54.21,632700
TWST,09 Nov 2018,19.55,25.9,19.2,25,376300
TXMD,09 Nov 2018,4.92,4.98,4.75,4.93,1868700
TXN,09 Nov 2018,98.11,98.13,95.84,96.1,6256400
TXRH,09 Nov 2018,64.16,65.65,63.52,65.18,559000
TYHT,09 Nov 2018,0.78,0.78,0.69,0.74,94100
TYME,09 Nov 2018,2.13,2.18,2.02,2.02,414900
TZAC,09 Nov 2018,9.75,9.75,9.75,9.75,0
TZACU,09 Nov 2018,10.1,10.12,10.1,10.12,800
TZACW,09 Nov 2018,0.34,0.34,0.34,0.34,200
TZOO,09 Nov 2018,9.48,9.58,9.1,9.11,39200
UAE,09 Nov 2018,15.25,15.25,15.1,15.1,7400
UAL,09 Nov 2018,92.41,93.6,91.74,92.35,4254000
UBCP,09 Nov 2018,12.94,13,12.9,13,14400
UBFO,09 Nov 2018,10.97,11,10.76,10.76,28100
UBIO,09 Nov 2018,30.5,30.5,28.395,29.04,59100
UBOH,09 Nov 2018,23,23,23,23,0
UBSI,09 Nov 2018,34.96,35.13,34.25,34.45,390800
UBX,09 Nov 2018,12.04,12.4,11.6,11.92,70300
UCBI,09 Nov 2018,25.71,25.92,25.49,25.84,480800
UCFC,09 Nov 2018,9.59,9.71,9.4,9.41,130400
UCTT,09 Nov 2018,9.9,9.9,9.17,9.49,1194200
UEIC,09 Nov 2018,34.01,40.9,34,36.8,322800
UEPS,09 Nov 2018,5.95,5.95,4.435,4.84,3607500
UFCS,09 Nov 2018,50.75,51.2,50.36,50.55,58500
UFPI,09 Nov 2018,28.56,28.81,27.76,28.1,276200
UFPT,09 Nov 2018,33.46,34.06,32.73,33.01,14000
UG,09 Nov 2018,17.11,17.52,17.11,17.52,4900
UGLD,09 Nov 2018,81.5,81.79,80.55,81.17,143400
UHAL,09 Nov 2018,336.2,339.635,333.44,335.54,45100
UIHC,09 Nov 2018,19.01,19.23,18.59,18.63,123200
ULBI,09 Nov 2018,7.71,8.2,7.655,7.88,15000
ULH,09 Nov 2018,26.9,27.01,26.31,26.43,30000
ULTA,09 Nov 2018,303.7,312.2,302.15,308.12,1552000
UMBF,09 Nov 2018,66.02,66.565,64.96,65.43,104200
UMPQ,09 Nov 2018,19.85,20,19.54,19.73,965400
UMRX,09 Nov 2018,7.52,7.52,7,7.19,76900
UNAM,09 Nov 2018,6.81,6.82,6.81,6.82,200
UNB,09 Nov 2018,45.95,47.01,45,45,3300
UNIT,09 Nov 2018,19.79,19.92,19.49,19.76,1041800
UNTY,09 Nov 2018,21.21,21.26,21.16,21.16,36200
UONE,09 Nov 2018,2.62,2.62,2.62,2.62,300
UONEK,09 Nov 2018,2.19,2.2,2.13,2.15,10800
UPLD,09 Nov 2018,32.89,34.75,31.23,32,241900
UPWK,09 Nov 2018,18.49,18.575,17.52,17.68,737500
URBN,09 Nov 2018,41.06,41.52,40.16,40.44,2111200
URGN,09 Nov 2018,48.17,48.17,44.01,46.67,94100
UROV,09 Nov 2018,8.37,8.95,7.12,7.7,22300
USAK,09 Nov 2018,21.8,21.8,20.49,20.95,97500
USAP,09 Nov 2018,21.67,21.92,21.3,21.68,44700
USAU,09 Nov 2018,1.01,1.055,0.99,1.01,61200
USCR,09 Nov 2018,39.15,39.62,37.52,38.32,414400
USEG,09 Nov 2018,0.94,0.95,0.94,0.945,5900
USIG,09 Nov 2018,52.54,52.63,52.54,52.6,156400
USLB,09 Nov 2018,31.6,31.6,31.6,31.6,1300
USLM,09 Nov 2018,76.04,76.45,74.5,75.05,7300
USLV,09 Nov 2018,58.65,58.7,57.1,57.93,519500
USMC,09 Nov 2018,27.37,27.65,27.37,27.64,11800
USOI,09 Nov 2018,25.09,25.09,24.7,24.94,2900
UTHR,09 Nov 2018,116.52,117.135,113.86,114.39,411300
UTMD,09 Nov 2018,88.7,89.4,86.21,87.45,4700
UTSI,09 Nov 2018,3.54,3.64,3.54,3.6,5000
UVSP,09 Nov 2018,25.86,26.11,25.49,25.74,76200
UXIN,09 Nov 2018,5.6,5.63,5.31,5.48,161200
VALU,09 Nov 2018,26.3,26.3,26.3,26.3,600
VALX,09 Nov 2018,27.53,27.57,27.53,27.57,200
VBFC,09 Nov 2018,35,35,32.01,34.2,3700
VBIV,09 Nov 2018,2.17,2.17,1.905,2.05,350300
VBLT,09 Nov 2018,1.3,1.38,1.25,1.38,76600
VBTX,09 Nov 2018,24.25,24.54,23.69,23.91,213300
VC,09 Nov 2018,81.91,82.15,78.095,79.2,531500
VCEL,09 Nov 2018,16.47,16.82,16.02,16.11,874900
VCIT,09 Nov 2018,82.19,82.315,82.165,82.24,1049000
VCLT,09 Nov 2018,84.66,84.85,84.51,84.81,229200
VCNX,09 Nov 2018,5.71,6.215,5.71,6.09,4700
VCSH,09 Nov 2018,77.63,77.68,77.62,77.66,1202500
VCTR,09 Nov 2018,10.11,11.48,10.11,11.18,499200
VCYT,09 Nov 2018,14.9,14.9,13.58,14.48,615800
VECO,09 Nov 2018,8.89,8.92,7.94,8.205,718900
VEON,09 Nov 2018,2.85,2.85,2.705,2.82,3177900
VERI,09 Nov 2018,7.08,7.15,6.72,7.03,128500
VERU,09 Nov 2018,1.46,1.49,1.38,1.39,60100
VETS,09 Nov 2018,26.57,26.57,26.57,26.57,0
VGIT,09 Nov 2018,61.63,61.78,61.63,61.745,1016300
VGLT,09 Nov 2018,69.43,69.87,69.43,69.83,330600
VGSH,09 Nov 2018,59.56,59.6,59.56,59.58,1052600
VIA,09 Nov 2018,35.02,36.23,34.76,35.41,23000
VIAB,09 Nov 2018,31.9,33.01,31.86,32.1,3336600
VIAV,09 Nov 2018,11.16,11.285,11,11.16,3531900
VICR,09 Nov 2018,38.88,38.88,36.49,37.95,209600
VIGI,09 Nov 2018,59.7,59.72,59.16,59.58,118500
VIIX,09 Nov 2018,13.91,14.47,13.83,14.05,102300
VIOT,09 Nov 2018,8.99,9.02,8.89,8.95,45800
VIRC,09 Nov 2018,4.43,4.43,4.31,4.31,400
VIRT,09 Nov 2018,24.89,25.11,24.28,24.51,1587400
VIVE,09 Nov 2018,238,250,175,232,1466400
VIVO,09 Nov 2018,19.61,19.83,19,19.72,434400
VKTX,09 Nov 2018,12.82,13.47,11.51,12.33,4033600
VKTXW,09 Nov 2018,11.81,11.81,10.36,10.77,60400
VLGEA,09 Nov 2018,27.72,27.77,27,27.08,28500
VLRX,09 Nov 2018,24.8,24.8,21,21.6,684600
VLY,09 Nov 2018,10.04,10.145,9.995,10.07,2224700
VLYPO,09 Nov 2018,24.5,24.75,24.5,24.75,2000
VLYPP,09 Nov 2018,25.25,25.5,25.25,25.33,4800
VMBS,09 Nov 2018,50.23,50.33,50.22,50.31,329900
VNDA,09 Nov 2018,23.57,24.04,23.29,23.81,722200
VNET,09 Nov 2018,10.18,10.53,9.9,10.46,447500
VNOM,09 Nov 2018,32.89,33,31.55,31.79,771000
VNQI,09 Nov 2018,54.24,54.255,53.88,54.11,238700
VOD,09 Nov 2018,18.77,18.91,18.6,18.79,6041700
VONE,09 Nov 2018,127.68,127.76,126.42,127.25,24900
VONG,09 Nov 2018,149.61,149.63,147.61,148.66,65000
VONV,09 Nov 2018,108.24,108.45,107.56,108.08,42400
VOXX,09 Nov 2018,5.02,5.16,5.02,5.11,27900
VRA,09 Nov 2018,13.33,13.44,13.01,13.05,235100
VRAY,09 Nov 2018,7.63,7.85,6.2,6.63,7094600
VRCA,09 Nov 2018,12.67,12.69,11.415,11.99,38300
VREX,09 Nov 2018,27.48,27.48,26.83,27.23,314000
VRIG,09 Nov 2018,25.03,25.05,25.03,25.04,75200
VRML,09 Nov 2018,0.59,0.59,0.51,0.57,103000
VRNA,09 Nov 2018,11.75,11.75,11.75,11.75,0
VRNS,09 Nov 2018,61.75,61.75,59.37,60.26,192000
VRNT,09 Nov 2018,47.15,47.15,46.05,47,195100
VRRM,09 Nov 2018,10.1,10.56,10.1,10.46,2598300
VRSK,09 Nov 2018,122.79,123.81,121.87,123.38,1124100
VRSN,09 Nov 2018,159.1,160.77,156.85,160.1,992100
VRTS,09 Nov 2018,103.72,103.72,98.99,103.42,24700
VRTSP,09 Nov 2018,93.7,93.7,93.315,93.315,1600
VRTU,09 Nov 2018,50.58,51.71,47.33,48.77,283000
VRTX,09 Nov 2018,179.61,180.56,176.79,180.55,1845400
VSAT,09 Nov 2018,71.16,71.31,69.96,71.22,358200
VSDA,09 Nov 2018,30.03,30.03,30.03,30.03,100
VSEC,09 Nov 2018,30.41,30.45,29.25,29.56,15200
VSMV,09 Nov 2018,29.62,29.64,29.52,29.56,4300
VSTM,09 Nov 2018,5.67,5.69,5.41,5.51,2282400
VTC,09 Nov 2018,79.59,79.7,79.51,79.64,9700
VTGN,09 Nov 2018,2.01,2.04,1.93,2,102400
VTHR,09 Nov 2018,127.65,127.65,126.405,127.15,3800
VTIP,09 Nov 2018,48.07,48.11,48.07,48.11,653300
VTIQ,09 Nov 2018,9.68,9.68,9.68,9.68,1000
VTIQU,09 Nov 2018,10.13,10.13,10.13,10.13,0
VTIQW,09 Nov 2018,0.55,0.55,0.55,0.55,0
VTNR,09 Nov 2018,1.59,1.72,1.56,1.69,185800
VTSI,09 Nov 2018,5.04,5.04,4.91,4.91,1200
VTVT,09 Nov 2018,2.7,2.7,2.53,2.63,236700
VTWG,09 Nov 2018,141.89,141.89,138.91,139.99,14400
VTWO,09 Nov 2018,125.23,125.32,123.01,123.77,53800
VTWV,09 Nov 2018,108.79,108.79,107.495,107.969,9000
VUZI,09 Nov 2018,6.16,6.2,5.84,6.05,313900
VVPR,09 Nov 2018,1.35,1.37,1.25,1.28,29700
VVUS,09 Nov 2018,3.97,3.97,3.61,3.65,90600
VWOB,09 Nov 2018,74.21,74.29,74.07,74.2,119400
VXRT,09 Nov 2018,2.91,2.91,2.39,2.64,183700
VXUS,09 Nov 2018,50.26,50.37,49.97,50.25,901400
VYGR,09 Nov 2018,12.31,12.69,11.72,12.32,464400
VYMI,09 Nov 2018,59.56,59.7,59.32,59.595,137500
WABC,09 Nov 2018,62.64,63.02,61.57,62.45,128200
WAFD,09 Nov 2018,28.15,28.41,27.6,27.67,389000
WASH,09 Nov 2018,52.93,52.93,51.67,51.9,15900
WATT,09 Nov 2018,9.41,9.49,8.61,9.26,341200
WB,09 Nov 2018,59.65,59.99,55.75,57.16,2859200
WBA,09 Nov 2018,82.51,82.98,81.73,82.39,3601900
WBND,09 Nov 2018,24.68,24.71,24.68,24.71,700
WDAY,09 Nov 2018,143.7,144.99,138.23,139.93,1832600
WDC,09 Nov 2018,46.99,47.26,44.86,45.73,5726300
WDFC,09 Nov 2018,174.51,175.02,171.62,174.79,98000
WEBK,09 Nov 2018,31.85,31.85,30.22,30.93,900
WEN,09 Nov 2018,16.8,17.62,16.8,17.42,5984300
WERN,09 Nov 2018,33.32,33.58,33.04,33.23,707900
WETF,09 Nov 2018,7.83,7.87,7.66,7.72,590000
WEYS,09 Nov 2018,33.61,33.87,33.46,33.46,9800
WHF,09 Nov 2018,13.79,13.87,13.67,13.7,20100
WHLM,09 Nov 2018,6.51,6.625,6.5,6.58,7400
WHLR,09 Nov 2018,3.52,3.52,3.38,3.38,13900
WHLRD,09 Nov 2018,19.17,19.17,19.17,19.17,100
WHLRP,09 Nov 2018,17.685,17.685,17.01,17.47,3900
WIFI,09 Nov 2018,24.64,25.2,23.69,25.02,1096800
WILC,09 Nov 2018,6.8,6.8,6.8,6.8,500
WINA,09 Nov 2018,161.61,161.66,152.8,153.5,5400
WING,09 Nov 2018,67.68,68.24,67.1,67.4,522700
WINS,09 Nov 2018,40.01,43.6,38,38,1400
WIRE,09 Nov 2018,51.12,51.12,49.58,50.18,72800
WISA,09 Nov 2018,4.35,4.68,4.28,4.28,7000
WIX,09 Nov 2018,100.4,101.385,95.69,95.93,849600
WKHS,09 Nov 2018,0.82,0.9,0.82,0.89,181400
WLDN,09 Nov 2018,37.71,37.72,36.67,37.11,75700
WLFC,09 Nov 2018,38.56,38.56,37.44,37.86,4700
WLTW,09 Nov 2018,159.13,160.52,158.34,159.93,643000
WMGI,09 Nov 2018,29.82,30.38,29.42,30.19,2891900
WNEB,09 Nov 2018,9.93,9.99,9.84,9.84,31200
WOOD,09 Nov 2018,66.18,66.18,65.135,65.42,27000
WPRT,09 Nov 2018,2.5,2.59,2.36,2.45,1081200
WRLD,09 Nov 2018,106.47,106.47,101.94,102.52,32000
WRLS,09 Nov 2018,10,10.08,10,10.08,1600
WRLSR,09 Nov 2018,0.35,0.395,0.35,0.395,15000
WRLSU,09 Nov 2018,10.45,10.45,10.45,10.45,0
WRLSW,09 Nov 2018,0.41,0.45,0.39,0.45,25800
WSBC,09 Nov 2018,42.08,42.55,41.325,41.8,98600
WSBF,09 Nov 2018,16.73,16.73,16.55,16.61,25600
WSC,09 Nov 2018,16.72,17.12,16.47,16.89,2431300
WSFS,09 Nov 2018,43.56,43.98,42.83,43.2,111500
WSTG,09 Nov 2018,12.5,12.775,12.468,12.468,800
WSTL,09 Nov 2018,2.11,2.14,1.92,1.94,98800
WTBA,09 Nov 2018,21.55,21.71,21.35,21.38,9800
WTFC,09 Nov 2018,78.34,78.82,76.88,78.09,384100
WTFCM,09 Nov 2018,25.84,26.02,25.81,25.98,10400
WVE,09 Nov 2018,44.71,46.073,42.145,43.16,56800
WVFC,09 Nov 2018,14.37,14.37,14.37,14.37,100
WVVI,09 Nov 2018,7.46,7.46,7.29,7.29,2500
WVVIP,09 Nov 2018,4.7,4.7,4.7,4.7,1000
WWD,09 Nov 2018,84.01,84.04,82.29,82.69,329800
WWR,09 Nov 2018,12.5,12.5,10.5,11,2345600
WYNN,09 Nov 2018,98.51,101.37,96,98.32,5228300
XBIO,09 Nov 2018,33,35.76,29.76,31.68,21500
XBIT,09 Nov 2018,3.8,3.89,3.65,3.85,26100
XEL,09 Nov 2018,49.37,50.42,49.29,50.34,9454700
XELA,09 Nov 2018,6.54,6.54,5.19,5.28,596900
XELB,09 Nov 2018,2.36,2.4,2.25,2.4,3000
XENE,09 Nov 2018,9.78,9.93,9.32,9.43,88300
XENT,09 Nov 2018,32.1,32.28,30.8,31.16,206600
XERS,09 Nov 2018,25,25.49,23.08,23.21,59700
XLNX,09 Nov 2018,85.45,86.43,85.22,85.64,2518600
XLRN,09 Nov 2018,58.11,58.11,53.63,54.89,310100
XNCR,09 Nov 2018,39.5,39.65,37.83,37.88,184100
XNET,09 Nov 2018,6.56,6.6,6.42,6.57,372800
XOG,09 Nov 2018,8.49,8.53,8,8.425,3521000
XOMA,09 Nov 2018,14.61,14.77,13.83,14.39,88900
XON,09 Nov 2018,12.23,12.77,10.37,10.77,2685500
XONE,09 Nov 2018,9.01,9.53,8.62,9.44,206500
XPER,09 Nov 2018,14.36,14.795,13.94,14.16,403000
XRAY,09 Nov 2018,36.85,38.27,35.065,36.06,8523700
XSPA,09 Nov 2018,3.3,3.4,3.16,3.28,666700
XT,09 Nov 2018,36.27,36.29,35.85,36.1,94400
XTLB,09 Nov 2018,3.19,3.19,2.56,2.7,29600
YGYI,09 Nov 2018,8.62,9.1,8.27,8.42,165500
YI,09 Nov 2018,10.51,10.51,9.74,9.75,32500
YIN,09 Nov 2018,6.54,6.66,6.4,6.64,17000
YLCO,09 Nov 2018,11.68,11.68,11.68,11.68,600
YLDE,09 Nov 2018,27.86,27.86,27.86,27.86,0
YMAB,09 Nov 2018,25.57,25.79,24.92,25.53,28800
YNDX,09 Nov 2018,28.57,28.79,27.82,28.21,2606400
YORW,09 Nov 2018,31.77,31.95,31.07,31.39,8500
YRCW,09 Nov 2018,6.6,6.69,5.94,5.955,2152800
YTEN,09 Nov 2018,1.4,1.45,1.36,1.44,27500
YTRA,09 Nov 2018,5.34,5.4,5.27,5.33,45400
YVR,09 Nov 2018,3.31,3.61,3.31,3.57,20600
YY,09 Nov 2018,65.18,65.95,63.75,64.73,931800
Z,09 Nov 2018,28.98,30.82,28.85,30.25,4361200
ZAGG,09 Nov 2018,11.57,11.61,11.23,11.46,348300
ZBIO,09 Nov 2018,16.81,17.59,16.76,17.29,17100
ZBRA,09 Nov 2018,182,183.35,179.63,181.5,421100
ZEAL,09 Nov 2018,13.64,13.87,13.62,13.87,4400
ZEUS,09 Nov 2018,19.41,20.24,19.38,20.12,113300
ZFGN,09 Nov 2018,11.55,11.64,11.13,11.38,241100
ZG,09 Nov 2018,29.12,31.05,29,30.45,998400
ZGNX,09 Nov 2018,40.44,43.105,39.61,40.75,1013000
ZION,09 Nov 2018,50.26,50.94,49.75,50.16,2155800
ZIONW,09 Nov 2018,18.74,18.77,17.71,18.17,12800
ZIOP,09 Nov 2018,2.52,2.91,2.41,2.51,2929700
ZIV,09 Nov 2018,71.53,71.595,70.01,70.79,147900
ZIXI,09 Nov 2018,6.72,6.75,6.635,6.67,236300
ZKIN,09 Nov 2018,2.4,2.44,2.18,2.2,11900
ZLAB,09 Nov 2018,17.61,17.68,16.91,16.91,42500
ZN,09 Nov 2018,1.27,1.28,1.18,1.18,256400
ZNGA,09 Nov 2018,3.74,3.755,3.57,3.61,17009700
ZS,09 Nov 2018,41.74,41.85,39.95,40.71,648600
ZSAN,09 Nov 2018,3.91,4.04,3.82,3.88,60700
ZUMZ,09 Nov 2018,21.59,21.61,20.83,21.07,603400
ZYNE,09 Nov 2018,6.15,6.28,5.75,5.95,340000
